3 0.9984375 0.5953125000000001 0.001562500000000073 0.5953125 0.0015625000000000974 0.9984375 0.9984375 0.9984375
2 0.5734375 0.6 0.440625 0.6 0.440625 0.63125 0.5734375 0.63125
1 0.2750000000000001 0.53125 0.15156250000000004 0.53125 0.15156250000000007 0.61875 0.2750000000000001 0.61875
1 0.809375 0.5953125000000001 0.09375000000000007 0.5953125 0.09375000000000008 0.7046875000000001 0.809375 0.7046875000000001
1 0.1984375000000001 0.5859375 0.06875000000000006 0.5859375 0.06875000000000007 0.696875 0.1984375000000001 0.696875
2 0.63125 0.6125 0.53125 0.6125 0.53125 0.640625 0.63125 0.640625
2 0.409375 0.6 0.2296875000000001 0.6 0.2296875000000001 0.6359375 0.409375 0.6359375
1 0.1750000000000001 0.6296875 0.0062500000000000775 0.6296875 0.006250000000000096 0.9390625 0.17500000000000013 0.9390625
1 0.3421875000000001 0.61875 0.09062500000000007 0.61875 0.09062500000000008 0.7765625 0.3421875000000001 0.7765625
1 0.4765625000000001 0.621875 0.1843750000000001 0.621875 0.1843750000000001 0.8640625 0.47656250000000017 0.8640625
1 0.0781250000000001 0.778125 0.001562500000000095 0.778125 0.0015625000000001048 0.9328125 0.07812500000000011 0.9328125