1 0.5281250000000001 0.0015625000000000573 0.4078125 0.00156250000000005 0.4078125000000001 0.996875 0.5281250000000002 0.996875
1 0.5046875 0.2750000000000001 0.3734375 0.2750000000000001 0.37343750000000003 0.45625 0.5046875 0.45625
1 0.64375 0.0031250000000000652 0.421875 0.0031250000000000513 0.421875 0.24375000000000008 0.64375 0.24375000000000008
1 0.4859375 0.0031250000000000487 0.309375 0.0031250000000000375 0.309375 0.20468750000000005 0.4859375 0.20468750000000008
1 0.2312500000000001 0.4359375 0.04375000000000005 0.4359375 0.04375000000000006 0.5546875 0.2312500000000001 0.5546875
1 0.4546875000000001 0.471875 0.08281250000000007 0.471875 0.08281250000000008 0.746875 0.4546875000000002 0.746875
1 0.2531250000000001 0.7421875 0.03281250000000009 0.7421875 0.032812500000000105 0.9640625 0.2531250000000001 0.9640625
1 0.6734375 0.33281250000000007 0.4515625 0.33281250000000007 0.4515625 0.521875 0.6734375 0.521875
1 0.9984375 0.3000000000000001 0.8859375 0.3000000000000001 0.8859375 0.47968750000000016 0.9984375 0.47968750000000016
1 0.8921875 0.2250000000000001 0.6796875 0.2250000000000001 0.6796875 0.3984375000000001 0.8921875 0.3984375000000001
1 0.7750000000000001 0.7265625000000001 0.4890625000000002 0.7265625 0.4890625000000002 1 0.7750000000000001 1
1 1 0.4468750000000002 0.746875 0.4468750000000002 0.7468750000000001 0.7343750000000002 1 0.7343750000000002
1 0.2765625 0.0015625000000000198 0.0453125 0.0015625000000000055 0.045312500000000006 0.11718750000000003 0.2765625 0.11718750000000004
1 0.8578125 0.6125 0.5625 0.6125 0.5625000000000001 0.890625 0.8578125 0.890625