1 0.4562500000000001 0.03125000000000005 0.38125 0.03125000000000004 0.38125000000000003 0.9984375 0.45625000000000016 0.9984375
4 0.684375 0.2093750000000001 0.53125 0.2093750000000001 0.53125 0.4171875 0.684375 0.4171875
4 0.5046875000000001 0.5234375 0.33281250000000007 0.5234375 0.33281250000000007 0.7828125 0.5046875000000002 0.7828125
4 0.7031250000000001 0.621875 0.571875 0.621875 0.5718750000000001 0.828125 0.7031250000000002 0.828125
4 0.7484375 0.3234375000000001 0.603125 0.3234375000000001 0.603125 0.5484375000000001 0.7484375 0.5484375000000001
1 0.8453125 0.010937500000000102 0.821875 0.0109375000000001 0.821875 0.2750000000000001 0.8453125 0.2750000000000001
4 0.5453125 0.11406250000000007 0.453125 0.11406250000000004 0.453125 0.3187500000000001 0.5453125 0.3187500000000001
4 0.5390625000000002 0.759375 0.3234375000000001 0.759375 0.3234375000000001 0.9921875 0.5390625000000002 0.9921875
4 1 0.3078125000000001 0.8375 0.3078125000000001 0.8375 0.6328125000000002 1 0.6328125000000002
4 0.7296875000000002 0.7640625000000001 0.5750000000000002 0.7640625 0.5750000000000002 0.9953125 0.7296875000000002 0.9953125
4 0.3390625000000001 0.784375 0.2453125000000001 0.784375 0.2453125000000001 0.9921875 0.3390625000000001 0.9921875
4 1 0.0015625000000001107 0.8078125 0.0015625000000000992 0.8078125 0.2593750000000001 1 0.2593750000000001
1 0.7890625 9.491012693391987e-17 0.7609375 9.318796737261892e-17 0.7609375 0.32500000000000007 0.7890625 0.32500000000000007
4 0.934375 0.8 0.7812500000000002 0.8 0.7812500000000002 1 0.934375 1
4 0.9578125 0.6468750000000002 0.8125 0.6468750000000002 0.8125 0.821875 0.9578125 0.821875
1 0.48125 5.472640383689735e-17 0.4125 5.051668046482832e-17 0.4125 0.584375 0.48125 0.584375
4 0.6234375 0.409375 0.5234375 0.409375 0.5234375 0.5671875 0.6234375 0.5671875
4 0.09531250000000002 0.0015625000000000062 0.003125 0.0015625000000000007 0.003125000000000027 0.4375 0.09531250000000005 0.4375
4 0.045312500000000075 0.5 0.001562500000000061 0.5 0.0015625000000000697 0.6421875 0.045312500000000075 0.6421875
4 0.3984375000000001 0.6828125 0.3031250000000001 0.6828125 0.3031250000000001 0.7640625 0.3984375000000001 0.7640625
4 0.042187500000000086 0.653125 0.0015625000000000799 0.653125 0.0015625000000000881 0.7859375 0.0421875000000001 0.7859375
4 0.09375000000000001 6.314585058103541e-18 0.009375 1.1481063742006436e-18 0.009375000000000007 0.1234375 0.09375000000000003 0.1234375
4 0.6421875000000001 0.5765625 0.5109375 0.5765625 0.5109375 0.990625 0.6421875000000001 0.990625
1 1 0.6750000000000002 0.9015625 0.6750000000000002 0.9015625 0.99375 1 0.99375