4 0.5421875 0.4296875 0.22031250000000008 0.4296875 0.22031250000000008 0.996875 0.5421875000000002 0.996875
1 0.99375 0.001562500000000061 0.003125 0.0015625000000000007 0.003125000000000061 0.996875 0.99375 0.996875
4 0.18125000000000008 0.3703125 4.5350201780925416e-17 0.3703125 8.333338766073005e-17 0.990625 0.18125000000000013 0.990625
4 0.2234375 0.006250000000000017 0.0453125 0.0062500000000000056 0.04531250000000002 0.346875 0.2234375 0.346875
4 0.4390625 0.009375000000000043 0.271875 0.009375000000000033 0.27187500000000003 0.38281250000000006 0.4390625 0.3828125000000001
4 0.4765625 0.45 0.3609375000000001 0.45 0.3609375000000001 0.6140625 0.4765625 0.6140625
4 0.5609375 0.015625000000000062 0.4578125 0.015625000000000056 0.4578125 0.2093750000000001 0.5609375 0.2093750000000001
4 0.609375 0.19062500000000007 0.49375 0.19062500000000004 0.49375 0.3281250000000001 0.609375 0.3281250000000001
4 0.3812500000000001 0.471875 0.2562500000000001 0.471875 0.2562500000000001 0.6390625 0.3812500000000001 0.6390625
4 0.6421875 0.2921875000000001 0.5265625 0.2921875000000001 0.5265625 0.4859375 0.6421875 0.4859375
4 0.44375 0.00781250000000005 0.3609375 0.007812500000000045 0.3609375 0.13906250000000003 0.44375 0.13906250000000003
4 0.6828125 0.060937500000000075 0.55625 0.06093750000000007 0.55625 0.2140625000000001 0.6828125 0.2140625000000001
1 0.35937500000000006 0.346875 0.2890625 0.346875 0.28906250000000006 1 0.3593750000000001 1
4 0.9984375 0.12187500000000011 0.8953125 0.1218750000000001 0.8953125 0.3812500000000001 0.9984375 0.3812500000000001
4 0.12187500000000007 0.5015625 0.006250000000000061 0.5015625 0.00625000000000007 0.6359375 0.1218750000000001 0.6359375
4 0.6796875 0.004687500000000078 0.584375 0.004687500000000072 0.584375 0.09843750000000008 0.6796875 0.0984375000000001
4 0.6875 0.2484375000000001 0.596875 0.2484375000000001 0.596875 0.33281250000000007 0.6875 0.33281250000000007
4 0.909375 0.21250000000000008 0.8734375 0.21250000000000008 0.8734375 0.2609375000000001 0.909375 0.2609375000000001
1 0.9046875 0.47656250000000017 0.8640625 0.47656250000000017 0.8640625 0.49531250000000016 0.9046875 0.49531250000000016