1 0.9984375 0.4625000000000001 0.001562500000000057 0.4625 0.001562500000000062 0.5484375000000001 0.9984375 0.5484375000000001
1 0.2312500000000001 0.5046875 0.00937500000000006 0.5046875 0.009375000000000064 0.540625 0.2312500000000001 0.540625
2 0.58125 0.471875 0.509375 0.471875 0.509375 0.4921875 0.58125 0.4921875
1 1 0.48125000000000007 0.014062500000000061 0.48125 0.014062500000000075 0.7296875 1 0.7296875000000002
1 0.86875 0.4515625000000002 0.7515625 0.4515625000000002 0.7515625 0.48750000000000016 0.86875 0.48750000000000016
2 0.36406250000000007 0.5109375 0.19375000000000003 0.5109375 0.19375000000000003 0.5375 0.36406250000000007 0.5375
1 0.9765625 0.4625000000000002 0.8796875 0.4625000000000002 0.8796875 0.48437500000000017 0.9765625 0.48437500000000017
2 0.05937500000000007 0.50625 0.0031250000000000626 0.50625 0.003125000000000064 0.5328125 0.05937500000000007 0.5328125
2 0.41875 0.5 0.3312500000000001 0.5 0.3312500000000001 0.525 0.41875 0.525
2 0.5046875 0.4734375 0.478125 0.4734375 0.478125 0.490625 0.5046875 0.490625
1 0.2000000000000001 0.56875 0.00625000000000007 0.56875 0.006250000000000079 0.71875 0.2000000000000001 0.71875