1 1 0.07031250000000007 0.02031250000000001 0.0703125 0.020312500000000015 0.15781250000000008 1 0.15781250000000013
1 0.5671875 0.12187500000000007 0.4234375 0.12187500000000004 0.4234375 0.2906250000000001 0.5671875 0.2906250000000001
1 0.2671875 0.0765625 0.007812500000000009 0.0765625 0.00781250000000001 0.10312500000000002 0.2671875 0.10312500000000005
1 0.2140625000000001 0.671875 0.03281250000000008 0.671875 0.03281250000000009 0.775 0.2140625000000001 0.775
1 0.1625 0.01406250000000001 1.7221595613009655e-18 0.0140625 7.367015901120796e-18 0.10625 0.1625 0.10625
1 0.4296875 0.484375 0.3593750000000001 0.484375 0.3593750000000001 0.5796875 0.4296875 0.5796875
1 0.6890625 0.30156250000000007 0.5453125 0.30156250000000007 0.5453125 0.4265625 0.6890625 0.4265625
1 0.10312500000000005 0.24375 2.985076572921674e-17 0.24375 3.9992372034655755e-17 0.409375 0.10312500000000005 0.409375
2 0.290625 0.007812500000000033 0.246875 0.007812500000000031 0.246875 0.09375000000000003 0.290625 0.09375000000000004
1 1 0.12343750000000012 0.6125 0.12343750000000009 0.6125 0.4156250000000001 1 0.4156250000000002
1 0.22031250000000005 0.259375 3.1764276352884476e-17 0.259375 4.77420900605101e-17 0.5203125 0.22031250000000008 0.5203125
1 0.3921875000000001 0.6359375 0.17968750000000008 0.6359375 0.1796875000000001 1 0.3921875000000001 1
1 0.36406250000000007 0.25625000000000003 0.14062500000000006 0.25625 0.14062500000000006 0.4109375 0.36406250000000007 0.4109375
1 0.271875 0.004687500000000031 0.240625 0.004687500000000029 0.240625 0.032812500000000036 0.271875 0.032812500000000036
1 0.27812500000000007 0.9421875 0.2078125000000001 0.9421875 0.2078125000000001 0.9890625 0.27812500000000007 0.9890625
1 0.10156250000000003 0.0921875 0.0015625000000000111 0.0921875 0.0015625000000000177 0.196875 0.10156250000000004 0.196875
1 0.12343750000000009 0.6453125 0.003125000000000079 0.6453125 0.003125000000000085 0.75 0.12343750000000009 0.75