1 0.2218750000000001 0.38125 0.0046875000000000475 0.38125 0.004687500000000059 0.5765625 0.2218750000000001 0.5765625
2 0.6328125 7.663610047789296e-17 0.61875 7.577502069724248e-17 0.61875 0.10468750000000009 0.6328125 0.10468750000000009
1 0.7015625 0.478125 0.546875 0.478125 0.546875 0.4890625 0.7015625 0.4890625
1 0.05937500000000005 0.4078125 0.00312500000000005 0.4078125 0.0031250000000000535 0.46875 0.05937500000000007 0.46875
1 0.6703125 7.874096216392748e-17 0.615625 7.539231857250894e-17 0.615625 0.22656250000000008 0.6703125 0.22656250000000008
1 0.6765625000000001 0.001562500000000077 0.584375 0.0015625000000000714 0.5843750000000001 1 0.6765625000000002 1
1 0.9984375 0.4750000000000001 0.703125 0.475 0.703125 0.5078125000000001 0.9984375 0.5078125000000002
1 0.5890625 0.4359375 0.20312500000000008 0.4359375 0.20312500000000008 0.5859375 0.5890625 0.5859375
1 1 0.046875000000000125 0.9875 0.046875000000000125 0.9875 1 1 1
1 0.15781250000000008 0.015625000000000014 0.0796875 0.01562500000000001 0.07968750000000005 0.996875 0.15781250000000013 0.996875
1 0.8296875 0.5093750000000001 0.8078125 0.5093750000000001 0.8078125 1 0.8296875 1
1 0.07812500000000006 0.026562500000000006 0.004687500000000002 0.0265625 0.004687500000000061 0.990625 0.07812500000000011 0.990625
1 0.8140625 0.4765625000000001 0.7125 0.4765625 0.7125 0.5015625000000001 0.8140625 0.5015625000000001