2 0.9953125 0.37187500000000007 0.775 0.37187500000000007 0.775 0.41718750000000016 0.9953125 0.41718750000000016
2 0.5234375 0.4125 0.27812500000000007 0.4125 0.27812500000000007 0.4625 0.5234375 0.4625
2 0.3375000000000001 0.421875 0.0031250000000000513 0.421875 0.0031250000000000557 0.4875 0.3375000000000001 0.4875
1 0.715625 0.2171875000000001 0.6640625 0.2171875000000001 0.6640625 0.4421875 0.715625 0.4421875
2 0.8578125 0.3781250000000001 0.675 0.3781250000000001 0.675 0.4250000000000001 0.8578125 0.42500000000000016
2 0.678125 0.4203125 0.5109375 0.4203125 0.5109375 0.465625 0.678125 0.465625
2 0.14062500000000006 0.4515625 0.006250000000000056 0.4515625 0.0062500000000000585 0.4890625 0.14062500000000006 0.4890625
2 0.3375 0.2296875 0.309375 0.2296875 0.309375 0.28125 0.3375 0.28125
2 0.1781250000000001 0.8203125 0.0062500000000001 0.8203125 0.006250000000000103 0.8703125 0.1781250000000001 0.8703125
2 0.2625 0.2484375 0.2265625 0.2484375 0.2265625 0.2890625 0.2625 0.2890625
1 0.34843750000000007 0.278125 0.28125 0.278125 0.28125000000000006 0.4296875 0.34843750000000007 0.4296875
2 0.996875 0.20468750000000008 0.825 0.20468750000000008 0.825 0.2328125000000001 0.996875 0.2328125000000001
2 0.4359375000000002 0.8796875 0.2468750000000001 0.8796875 0.2468750000000001 0.9375 0.4359375000000002 0.9375
2 0.3203125000000001 0.4609375 0.2750000000000001 0.4609375 0.2750000000000001 0.53125 0.3203125000000001 0.53125
1 1 0.38125000000000003 4.6689659217492845e-17 0.38125 5.367397299388009e-17 0.4953125000000001 1 0.49531250000000016
1 0.9796875 0.7640625000000001 9.357066949735246e-17 0.7640625 1.041906534587084e-16 0.9375 0.9796875 0.9375