4 0.3187500000000001 0.490625 0.08281250000000007 0.490625 0.08281250000000007 0.596875 0.3187500000000001 0.596875
1 0.996875 0.003125000000000061 0.0015625000000000007 0.003125 0.00156250000000006 0.975 0.996875 0.975
1 0.1296875000000001 0.740625 0.00468750000000009 0.740625 0.004687500000000098 0.85625 0.1296875000000001 0.85625
1 0.1750000000000001 0.68125 0.009375000000000083 0.68125 0.009375000000000088 0.778125 0.1750000000000001 0.778125
1 0.3031250000000001 0.68125 0.17968750000000008 0.68125 0.17968750000000008 0.7640625 0.3031250000000001 0.7640625
1 0.3937500000000001 0.65 0.2984375000000001 0.65 0.2984375000000001 0.7359375 0.3937500000000001 0.7359375
1 0.3000000000000001 0.584375 0.18125000000000008 0.584375 0.18125000000000008 0.6875 0.3000000000000001 0.6875
1 0.14218750000000008 0.4375 0.003125000000000054 0.4375 0.0031250000000000605 0.546875 0.14218750000000008 0.546875
1 0.3078125000000001 0.775 0.19531250000000008 0.775 0.19531250000000008 0.8609375 0.3078125000000001 0.8609375
1 0.08750000000000005 0.3390625 0.0015625000000000417 0.3390625 0.0015625000000000482 0.446875 0.08750000000000005 0.446875
1 0.16250000000000003 0.165625 0.00156250000000002 0.165625 0.0015625000000000268 0.2703125 0.16250000000000003 0.2703125
1 0.3734375 0.20156250000000003 0.11250000000000004 0.2015625 0.11250000000000004 0.30312500000000003 0.3734375 0.3031250000000001
1 0.996875 0.1500000000000001 0.646875 0.15000000000000008 0.646875 0.3062500000000001 0.996875 0.3062500000000001
1 0.16875 0.05625000000000001 0.003125000000000007 0.05625 0.0031250000000000154 0.1875 0.16875000000000004 0.1875
1 0.678125 0.18906250000000008 0.55625 0.18906250000000008 0.55625 0.27031250000000007 0.678125 0.27031250000000007
1 0.46093750000000017 0.7484375 0.3156250000000001 0.7484375 0.3156250000000001 0.8359375 0.46093750000000017 0.8359375
1 0.390625 0.07031250000000003 0.1421875 0.07031250000000003 0.14218750000000002 0.21718750000000003 0.390625 0.2171875000000001
1 0.08281250000000011 0.8609375 0.015625000000000104 0.8609375 0.01562500000000011 0.9421875 0.08281250000000011 0.9421875
1 0.13593750000000004 0.2578125 0.001562500000000032 0.2578125 0.0015625000000000374 0.353125 0.13593750000000004 0.353125
1 0.3906250000000001 0.6171875 0.2921875000000001 0.6171875 0.2921875000000001 0.6609375 0.3906250000000001 0.6609375
1 0.65 0.2671875000000001 0.5015625 0.2671875000000001 0.5015625 0.3656250000000001 0.65 0.3656250000000001
1 0.7859375 0.1625000000000001 0.65 0.1625000000000001 0.65 0.2640625000000001 0.7859375 0.2640625000000001
1 0.18437500000000012 0.834375 0.0796875000000001 0.834375 0.0796875000000001 0.9296875 0.18437500000000012 0.9296875
1 0.9421875 1.0696524386302664e-16 0.8046875 9.854579711888858e-17 0.8046875 0.0500000000000001 0.9421875 0.050000000000000114
1 0.18906250000000008 0.5921875 0.06718750000000007 0.5921875 0.06718750000000008 0.6890625 0.18906250000000008 0.6890625
1 0.03750000000000011 0.7921875 0.0015625000000000972 0.7921875 0.0015625000000001072 0.959375 0.037500000000000124 0.959375