4 0.4515625 0.03906250000000005 0.3671875 0.03906250000000004 0.3671875 0.17187500000000006 0.4515625 0.17187500000000006
4 0.8171875 0.3453125000000001 0.728125 0.3453125000000001 0.728125 0.6093750000000002 0.8171875 0.6093750000000002
1 0.15781250000000002 1.769997326892659e-17 0.13125 1.607348923880901e-17 0.13125000000000003 0.3765625 0.15781250000000005 0.3765625
1 0.4390625000000001 0.03437500000000005 0.3953125 0.034375000000000044 0.39531250000000007 0.96875 0.4390625000000002 0.96875
1 0.7515625 9.012635037475053e-17 0.7203125 8.82128397510828e-17 0.7203125 0.64375 0.7515625 0.6437500000000002
1 0.1593750000000001 0.4828125 0.12968750000000004 0.4828125 0.1296875000000001 1 0.15937500000000013 1
2 0.10468750000000004 0.259375 0.004687500000000032 0.259375 0.004687500000000034 0.29375 0.10468750000000004 0.29375
1 0.7406250000000001 0.6921875000000001 0.7203125 0.6921875 0.7203125000000001 1 0.7406250000000002 1
1 0.4328125 0.09531250000000005 0.4046875 0.09531250000000005 0.4046875 0.3343750000000001 0.4328125 0.3343750000000001
1 0.715625 0.13125000000000006 0.4625 0.13125000000000003 0.4625 0.16406250000000006 0.715625 0.16406250000000008
1 0.4046875000000002 0.753125 0.1546875000000001 0.753125 0.1546875000000001 0.7765625 0.4046875000000002 0.7765625
1 0.54375 0.12343750000000005 0.4734375 0.12343750000000005 0.4734375 0.15625000000000006 0.54375 0.15625000000000006
1 0.971875 0.6203125000000002 0.953125 0.6203125000000002 0.953125 1 0.971875 1
1 0.31718750000000007 0.4625 0.14687500000000003 0.4625 0.14687500000000003 0.4921875 0.31718750000000007 0.4921875
1 0.9515625 0.49218750000000017 0.7578125 0.49218750000000017 0.7578125 0.5140625000000002 0.9515625 0.5140625000000002
4 0.3734375000000001 0.5 0.2578125000000001 0.5 0.2578125000000001 0.6484375 0.3734375000000001 0.6484375
1 0.9546875 0.6750000000000002 0.74375 0.6750000000000002 0.74375 0.6937500000000002 0.9546875 0.6937500000000002
1 0.9703125 1.1662847251254872e-16 0.934375 1.144279352953308e-16 0.934375 0.5500000000000002 0.9703125 0.5500000000000002
1 0.734375 0.16562500000000008 0.7234375 0.16562500000000008 0.7234375 0.21093750000000008 0.734375 0.21093750000000008
1 0.2078125000000001 0.7828125 0.14843750000000008 0.7828125 0.14843750000000008 0.8578125 0.2078125000000001 0.8578125
1 0.1906250000000001 0.75 0.1437500000000001 0.75 0.1437500000000001 0.778125 0.1906250000000001 0.778125
4 0.490625 0.2687500000000001 0.41875 0.2687500000000001 0.41875 0.584375 0.490625 0.584375
1 0.403125 0.46875 0.3062500000000001 0.46875 0.3062500000000001 0.559375 0.403125 0.559375
4 0.15312500000000004 0.2578125 0.014062500000000033 0.2578125 0.014062500000000037 0.334375 0.15312500000000004 0.334375
1 0.11562500000000002 0.1453125 0.003125000000000018 0.1453125 0.0031250000000000227 0.2265625 0.11562500000000005 0.2265625
2 0.99375 0.4265625000000002 0.96875 0.4265625000000002 0.96875 0.44531250000000017 0.99375 0.44531250000000017
1 0.6890625000000001 0.78125 0.5781250000000002 0.78125 0.5781250000000002 0.9171875 0.6890625000000001 0.9171875
3 0.3000000000000001 0.5671875 0.2656250000000001 0.5671875 0.2656250000000001 0.603125 0.3000000000000001 0.603125
4 1 0.3765625000000001 0.959375 0.3765625000000001 0.959375 0.6515625000000002 1 0.6515625000000002