4 0.9546875 0.3625000000000001 0.8265625 0.3625000000000001 0.8265625 0.45312500000000017 0.9546875 0.45312500000000017
1 0.990625 0.010937500000000062 0.00625 0.0109375 0.006250000000000061 1 0.990625 1
1 0.25000000000000006 0.14531250000000004 0.221875 0.14531250000000004 0.22187500000000004 0.4015625 0.2500000000000001 0.4015625
1 0.7421875 0.003125000000000088 0.7015625 0.003125000000000086 0.7015625 0.1546875000000001 0.7421875 0.1546875000000001
1 0.3265625000000001 0.7390625 0.30937500000000007 0.7390625 0.30937500000000007 0.9640625 0.3265625000000001 0.9640625
1 0.5421875 0.13750000000000004 0.471875 0.13750000000000004 0.471875 0.41875 0.5421875 0.41875
1 0.25 0.14062500000000006 0.2265625 0.14062500000000006 0.2265625 0.20625 0.25 0.20625
1 0.5578125 0.13437500000000005 0.006250000000000017 0.134375 0.006250000000000018 0.15781250000000005 0.5578125 0.15781250000000008
3 0.32500000000000007 0.4078125 0.00312500000000005 0.4078125 0.0031250000000000513 0.428125 0.32500000000000007 0.428125
2 0.06250000000000003 0.134375 0.021875000000000016 0.134375 0.021875000000000016 0.1546875 0.06250000000000003 0.1546875
1 0.815625 0.40312500000000007 0.4625 0.403125 0.4625 0.4359375000000001 0.815625 0.4359375000000002
1 1 0.1359375000000001 0.690625 0.1359375000000001 0.690625 0.1562500000000001 1 0.15625000000000014
1 0.3421875 0.00781250000000004 0.3078125 0.007812500000000038 0.3078125 0.13593750000000004 0.3421875 0.13593750000000004
4 0.4390625 0.2640625000000001 0.3640625 0.2640625000000001 0.36406250000000007 0.4203125 0.4390625 0.4203125
1 0.3281250000000001 0.7234375 8.859554187581634e-17 0.7234375 8.964797271883358e-17 0.740625 0.3281250000000001 0.740625
1 0.7453125 0.42656250000000007 0.6140625 0.4265625 0.6140625 0.4921875000000001 0.7453125 0.49218750000000017
1 0.3765625000000001 0.959375 0.3593750000000001 0.959375 0.3593750000000001 0.99375 0.3765625000000001 0.99375
3 0.6 0.4046875 0.3234375000000001 0.4046875 0.3234375000000001 0.446875 0.6 0.446875
1 0.3187500000000001 0.953125 0.006250000000000117 0.953125 0.006250000000000118 0.971875 0.3187500000000001 0.971875
3 0.434375 0.2640625000000001 0.3984375 0.2640625000000001 0.3984375 0.2968750000000001 0.434375 0.2968750000000001