4 0.4515625000000002 0.8234375 0.3656250000000001 0.8234375 0.3656250000000001 0.990625 0.4515625000000002 0.990625
4 0.8171875 0.3734375000000001 0.7203125 0.3734375000000001 0.7203125 0.6609375000000001 0.8171875 0.6609375000000002
1 0.16562500000000002 0.010937500000000018 0.1328125 0.010937500000000017 0.13281250000000003 0.2375 0.16562500000000005 0.2375
1 0.434375 5.109073365192865e-17 0.4 4.898587196589413e-17 0.4 0.2609375000000001 0.434375 0.2609375000000001
1 0.9734375 1.1796792994911615e-16 0.953125 1.1672414804373209e-16 0.953125 0.3609375000000001 0.9734375 0.3609375000000001
1 0.16250000000000003 0.004687500000000017 0.1296875 0.0046875000000000154 0.12968750000000004 0.75 0.1625000000000001 0.75
1 0.75 9.003067484356715e-17 0.7203125 8.82128397510828e-17 0.7203125 0.3625000000000001 0.75 0.3625000000000001
2 0.4296875 0.01250000000000005 0.4078125 0.01250000000000005 0.4078125 0.07500000000000004 0.4296875 0.07500000000000004
2 0.06562500000000009 0.7109375 0.0015625000000000868 0.7109375 0.0015625000000000886 0.7375 0.06562500000000009 0.7375
1 0.4046875 0.21875000000000006 0.15312500000000004 0.21875 0.15312500000000004 0.24843750000000003 0.4046875 0.2484375000000001
4 0.4171875 0.33437500000000003 0.259375 0.334375 0.259375 0.534375 0.4171875 0.534375
1 0.15625 0.018750000000000017 0.134375 0.018750000000000017 0.134375 0.07343750000000002 0.15625 0.07343750000000002
1 0.9546875 0.3062500000000001 0.7375 0.3062500000000001 0.7375 0.33281250000000007 0.9546875 0.33281250000000007
1 0.18906250000000005 0.221875 0.14218750000000005 0.221875 0.14218750000000005 0.2546875 0.18906250000000005 0.2546875
1 0.8515625 0.2375000000000001 0.740625 0.2375000000000001 0.740625 0.31718750000000007 0.8515625 0.31718750000000007
1 0.1546875000000001 0.6703125 0.004687500000000082 0.6703125 0.0046875000000000866 0.74375 0.1546875000000001 0.74375
3 0.32500000000000007 0.375 0.2640625000000001 0.375 0.2640625000000001 0.4375 0.32500000000000007 0.4375
1 0.9921875 0.3578125000000001 0.9625 0.3578125000000001 0.9625 0.37187500000000007 0.9921875 0.37187500000000007
1 0.20625 0.153125 0.1515625 0.153125 0.15156250000000002 0.2078125 0.20625 0.2078125
1 0.15312500000000012 0.7203125 0.0015625000000000881 0.7203125 0.001562500000000105 1 0.15312500000000012 1
1 0.14687500000000003 0.209375 0.003125000000000025 0.209375 0.003125000000000035 0.3578125 0.14687500000000003 0.3578125
1 0.2984375000000001 0.4375 0.14375000000000004 0.4375 0.14375000000000004 0.5296875 0.2984375000000001 0.5296875
4 0.4828125000000001 0.54375 0.4234375 0.54375 0.4234375000000001 0.734375 0.4828125000000002 0.734375
1 0.20468750000000008 0.4859375 0.14687500000000003 0.4859375 0.14687500000000003 0.5265625 0.20468750000000008 0.5265625
1 0.4453125000000001 0.55625 0.4125 0.55625 0.4125000000000001 0.75 0.44531250000000017 0.75
1 0.7140625 7.127827073162329e-17 0.45 5.5109105961630896e-17 0.45 0.18125000000000008 0.7140625 0.18125000000000008
4 0.3468750000000001 0.7578125 0.1625000000000001 0.7578125 0.1625000000000001 0.8640625 0.3468750000000001 0.8640625
1 0.14218750000000008 0.7203125 0.004687500000000089 0.7203125 0.004687500000000094 0.8109375 0.14218750000000008 0.8109375
4 0.353125 0.346875 0.29375 0.346875 0.29375000000000007 0.403125 0.3531250000000001 0.403125