1 0.996875 7.950636641339458e-17 0.3015625 3.693075503678737e-17 0.30156250000000007 0.984375 0.996875 0.984375
4 0.475 0.2828125000000001 0.428125 0.2828125000000001 0.428125 0.3593750000000001 0.475 0.3593750000000001
4 0.559375 0.10937500000000007 0.5 0.10937500000000004 0.5 0.16875000000000007 0.559375 0.1687500000000001
4 0.4625000000000002 0.7765625 0.4203125000000002 0.7765625 0.4203125000000002 0.8390625 0.4625000000000002 0.8390625
4 0.640625 0.13281250000000008 0.5765625 0.13281250000000008 0.5765625 0.20468750000000008 0.640625 0.20468750000000008
4 0.71875 0.2250000000000001 0.6765625 0.2250000000000001 0.6765625 0.2765625000000001 0.71875 0.2765625000000001
4 0.4140625 0.40625 0.3765625000000001 0.40625 0.3765625000000001 0.46875 0.4140625 0.46875
4 0.6453125 7.577502069724247e-17 0.5921875 7.252205263700732e-17 0.5921875 0.04843750000000008 0.6453125 0.04843750000000008
4 0.503125 0.540625 0.446875 0.540625 0.446875 0.6046875 0.503125 0.6046875
4 0.63125 0.5859375 0.5859375 0.5859375 0.5859375 0.6359375 0.63125 0.6359375
4 0.453125 0.4171875 0.4203125 0.4171875 0.4203125 0.484375 0.453125 0.484375
4 0.6328125 0.3078125000000001 0.5953125 0.3078125000000001 0.5953125 0.3703125000000001 0.6328125 0.3703125000000001
4 0.684375 0.0906250000000001 0.6375 0.0906250000000001 0.6375 0.16406250000000008 0.684375 0.16406250000000008
1 0.571875 0.421875 0.5328125 0.421875 0.5328125 0.4859375 0.571875 0.4859375
1 0.6015625000000001 0.71875 0.5671875 0.71875 0.5671875000000001 0.7875 0.6015625000000002 0.7875
1 0.571875 0.54375 0.5390625 0.54375 0.5390625 0.61875 0.571875 0.61875
1 0.6312500000000001 0.6765625 0.596875 0.6765625 0.596875 0.7359375 0.6312500000000002 0.7359375
1 0.4359375 0.5703125 0.3859375000000001 0.5703125 0.3859375000000001 0.66875 0.4359375 0.66875
1 0.909375 0.012500000000000108 0.8703125 0.012500000000000105 0.8703125 0.0796875000000001 0.909375 0.0796875000000001
1 0.35625000000000007 0.6171875 0.3218750000000001 0.6171875 0.3218750000000001 0.671875 0.35625000000000007 0.671875
1 0.4953125 0.6046875 0.4375 0.6046875 0.4375 0.7015625 0.4953125 0.7015625
4 0.6953125 0.37187500000000007 0.65625 0.37187500000000007 0.65625 0.45625 0.6953125 0.45625
1 0.5515625000000002 0.734375 0.5156250000000002 0.734375 0.5156250000000002 0.7953125 0.5515625000000002 0.7953125
4 0.959375 9.261391418551857e-17 0.553125 6.773827607783798e-17 0.553125 0.23437500000000008 0.959375 0.23437500000000008
1 0.6062500000000002 0.7921875 0.5718750000000001 0.7921875 0.5718750000000001 0.8578125 0.6062500000000002 0.8578125
1 0.5765625000000002 0.7734375 0.5453125000000002 0.7734375 0.5453125000000002 0.8421875 0.5765625000000002 0.8421875
4 0.8328125 0.001562500000000099 0.78125 0.0015625000000000957 0.78125 0.0843750000000001 0.8328125 0.08437500000000012
1 0.3468750000000001 0.7921875 0.3156250000000001 0.7921875 0.3156250000000001 0.8390625 0.3468750000000001 0.8390625
1 0.3671875000000001 0.54375 0.3078125000000001 0.54375 0.3078125000000001 0.5875 0.3671875000000001 0.5875