4 0.3609375000000001 0.4296875 0.2890625000000001 0.4296875 0.2890625000000001 0.475 0.3609375000000001 0.475
4 0.8421875 0.41718750000000016 0.775 0.41718750000000016 0.775 0.4625000000000002 0.8421875 0.4625000000000002
4 0.471875 0.3734375000000001 0.4078125 0.3734375000000001 0.4078125 0.4109375 0.471875 0.4109375
4 0.6046875 0.446875 0.54375 0.446875 0.54375 0.5 0.6046875 0.5
4 0.16875000000000007 0.4984375 0.11250000000000004 0.4984375 0.11250000000000007 0.5515625 0.1687500000000001 0.5515625
4 0.484375 0.41875 0.4171875 0.41875 0.4171875 0.45 0.484375 0.45
4 0.05781250000000008 0.5921875 7.252205263700732e-17 0.5921875 7.730582919617668e-17 0.6703125 0.057812500000000086 0.6703125
4 0.7171875 0.4734375 0.6578125 0.4734375 0.6578125 0.503125 0.7171875 0.503125
4 0.04375000000000007 0.540625 0.001562500000000066 0.540625 0.001562500000000068 0.5703125 0.04375000000000007 0.5703125
4 0.20468750000000008 0.578125 0.15000000000000008 0.578125 0.15000000000000008 0.6203125 0.20468750000000008 0.6203125
4 0.2765625000000001 0.675 0.2250000000000001 0.675 0.2250000000000001 0.71875 0.2765625000000001 0.71875
4 0.16406250000000008 0.865625 0.08437500000000012 0.865625 0.08437500000000012 0.8953125 0.16406250000000008 0.8953125
4 0.3671875000000001 0.596875 0.3125000000000001 0.596875 0.3125000000000001 0.63125 0.3671875000000001 0.63125
4 0.0781250000000001 0.7828125 0.0031250000000000956 0.7828125 0.003125000000000099 0.8359375 0.07812500000000011 0.8359375
4 0.7796875 0.40156250000000016 0.7359375 0.40156250000000016 0.7359375 0.4265625000000002 0.7796875 0.4265625000000002
4 0.19687500000000008 0.63125 0.1453125000000001 0.63125 0.1453125000000001 0.6703125 0.19687500000000008 0.6703125
1 0.5015625 0.5046875 0.3984375000000001 0.5046875 0.3984375000000001 0.5609375 0.5015625 0.5609375
1 0.79375 0.5687500000000001 0.7203125 0.56875 0.7203125 0.6000000000000001 0.79375 0.6000000000000002
1 0.44375 0.5625 0.3828125000000001 0.5625 0.3828125000000001 0.596875 0.44375 0.596875
1 0.8703125 0.5671875000000002 0.796875 0.5671875000000002 0.796875 0.6000000000000002 0.8703125 0.6000000000000002
1 0.5984375 0.5671875 0.53125 0.5671875 0.53125 0.596875 0.5984375 0.596875
1 0.6234375 0.5359375 0.5390625 0.5359375 0.5390625 0.5734375 0.6234375 0.5734375
1 0.8125 0.596875 0.721875 0.596875 0.721875 0.6312500000000001 0.8125 0.6312500000000002
1 0.7421875 0.596875 0.6734375 0.596875 0.6734375 0.6265625000000001 0.7421875 0.6265625000000001
1 0.8421875 0.4890625000000002 0.7703125 0.4890625000000002 0.7703125 0.5203125000000002 0.8421875 0.5203125000000002
1 0.08593750000000011 0.86875 0.014062500000000106 0.86875 0.014062500000000108 0.90625 0.08593750000000011 0.90625
1 0.85 0.5437500000000002 0.7671875 0.5437500000000002 0.7671875 0.5734375000000002 0.85 0.5734375000000002
4 0.646875 0.58125 0.5875 0.58125 0.5875 0.628125 0.646875 0.628125
1 0.2843750000000001 0.8421875 0.2093750000000001 0.8421875 0.2093750000000001 0.878125 0.2843750000000001 0.878125
1 0.43750000000000017 0.909375 0.35625000000000007 0.909375 0.35625000000000007 0.94375 0.43750000000000017 0.94375
1 0.675 0.3203125000000001 0.6203125 0.3203125000000001 0.6203125 0.3468750000000001 0.675 0.3468750000000001
1 0.2640625000000001 0.74375 0.18750000000000008 0.74375 0.18750000000000008 0.7828125 0.2640625000000001 0.7828125
1 0.43281250000000016 0.934375 0.3500000000000001 0.934375 0.3500000000000001 0.9734375 0.43281250000000016 0.9734375
1 0.33906250000000004 0.3625 0.2578125 0.3625 0.25781250000000006 0.4078125 0.3390625000000001 0.4078125
1 0.4375000000000001 0.69375 0.35625000000000007 0.69375 0.35625000000000007 0.7375 0.43750000000000017 0.7375
1 0.36406250000000007 0.609375 0.2484375000000001 0.609375 0.2484375000000001 0.66875 0.36406250000000007 0.66875
1 0.2218750000000001 0.7875 0.1453125000000001 0.7875 0.1453125000000001 0.8140625 0.2218750000000001 0.8140625
1 0.4000000000000002 0.7328125 0.27031250000000007 0.7328125 0.27031250000000007 0.80625 0.4000000000000002 0.80625
1 0.2828125000000001 0.8765625 0.1921875000000001 0.8765625 0.19218750000000012 0.909375 0.2828125000000001 0.909375
1 0.659375 0.4015625 0.5796875 0.4015625 0.5796875 0.44375 0.659375 0.44375
1 0.15000000000000008 0.834375 0.0875000000000001 0.834375 0.0875000000000001 0.8734375 0.15000000000000008 0.8734375
4 0.1593750000000001 0.7890625 0.11875000000000009 0.7890625 0.11875000000000009 0.8234375 0.1593750000000001 0.8234375
1 0.4046875000000002 0.840625 0.3375000000000001 0.840625 0.3375000000000001 0.871875 0.4046875000000002 0.871875
1 0.34062500000000007 0.934375 0.25468750000000007 0.934375 0.25468750000000007 0.9734375 0.34062500000000007 0.9734375
1 0.40156250000000016 0.8828125 0.3078125000000001 0.8828125 0.3078125000000001 0.909375 0.40156250000000016 0.909375
1 0.4390625000000002 0.971875 0.3546875000000001 0.971875 0.3546875000000001 0.9984375 0.4390625000000002 0.9984375
1 0.49375 0.33281250000000007 0.4359375 0.33281250000000007 0.4359375 0.36406250000000007 0.49375 0.36406250000000007
1 0.1312500000000001 0.809375 0.06562500000000009 0.809375 0.0656250000000001 0.84375 0.1312500000000001 0.84375
1 0.840625 0.3125000000000001 0.7875 0.3125000000000001 0.7875 0.3437500000000001 0.840625 0.3437500000000001
4 0.06875000000000006 0.534375 6.544206332943669e-17 0.534375 7.060854201333958e-17 0.61875 0.06875000000000006 0.61875
1 0.2296875000000001 0.9421875 0.14687500000000014 0.9421875 0.14687500000000014 0.9765625 0.2296875000000001 0.9765625
3 0.2828125000000001 0.9609375 0.012500000000000117 0.9609375 0.012500000000000119 1 0.2828125000000001 1
1 0.3531250000000001 0.90625 0.21250000000000008 0.90625 0.21250000000000008 0.94375 0.3531250000000001 0.94375
1 0.5796875 0.30937500000000007 0.546875 0.30937500000000007 0.546875 0.3656250000000001 0.5796875 0.3656250000000001