1 0.996875 0.003125000000000061 0.0015625000000000007 0.003125 0.0015625000000000615 0.9953125 0.996875 0.9953125
1 0.928125 0.2062500000000001 0.840625 0.2062500000000001 0.840625 0.3046875000000001 0.928125 0.3046875000000001
1 0.45 0.06562500000000004 0.3921875 0.06562500000000004 0.3921875 0.12812500000000004 0.45 0.12812500000000004
3 0.6828125 0.009375000000000059 0.2703125 0.009375000000000033 0.2703125 0.20937500000000003 0.6828125 0.2093750000000001
1 0.575 0.2234375000000001 0.478125 0.2234375000000001 0.478125 0.3468750000000001 0.575 0.3468750000000001
1 0.4671875000000002 0.83125 0.37187500000000007 0.83125 0.37187500000000007 0.928125 0.4671875000000002 0.928125
1 0.9234375 0.1265625000000001 0.8671875 0.12656250000000008 0.8671875 0.20468750000000008 0.9234375 0.20468750000000008
1 0.45625 0.12812500000000004 0.3890625 0.12812500000000004 0.3890625 0.18906250000000005 0.45625 0.18906250000000005
1 0.3109375 0.06093750000000003 0.2484375 0.06093750000000002 0.2484375 0.13281250000000006 0.3109375 0.13281250000000006
1 0.8328125 0.006250000000000098 0.765625 0.006250000000000094 0.765625 0.0921875000000001 0.8328125 0.09218750000000012
1 0.3906250000000001 0.8296875 0.2953125000000001 0.8296875 0.2953125000000001 0.9609375 0.3906250000000001 0.9609375
1 0.334375 0.18593750000000003 0.275 0.18593750000000003 0.275 0.2484375 0.334375 0.2484375
1 0.4171875000000001 0.609375 0.2828125000000001 0.609375 0.2828125000000001 0.75625 0.41718750000000016 0.75625
4 0.22343750000000004 0.3375 0.10000000000000005 0.3375 0.10000000000000005 0.440625 0.2234375000000001 0.440625
1 0.6578125 0.1984375000000001 0.5640625 0.1984375000000001 0.5640625 0.3781250000000001 0.6578125 0.3781250000000001
1 0.3343750000000001 0.521875 0.2093750000000001 0.521875 0.2093750000000001 0.6296875 0.3343750000000001 0.6296875
4 0.18750000000000003 0.10625000000000002 0.07031250000000003 0.10625 0.07031250000000003 0.2546875 0.18750000000000006 0.2546875
1 0.93125 0.2734375000000001 0.821875 0.2734375000000001 0.821875 0.3734375000000001 0.93125 0.3734375000000001
1 0.2156250000000001 0.76875 0.10312500000000009 0.76875 0.10312500000000009 0.859375 0.2156250000000001 0.859375
1 0.984375 0.21875000000000008 0.915625 0.21875000000000008 0.915625 0.3312500000000001 0.984375 0.3312500000000001
4 0.4 0.290625 0.284375 0.290625 0.28437500000000004 0.4109375 0.4 0.4109375
4 0.26250000000000007 0.8453125 0.1546875000000001 0.8453125 0.15468750000000012 0.98125 0.26250000000000007 0.98125
1 0.1031250000000001 0.7984375 9.778039286942148e-17 0.7984375 1.0476470664580872e-16 0.9125 0.10312500000000013 0.9125
4 0.3843750000000001 0.4203125 0.2765625000000001 0.4203125 0.2765625000000001 0.5359375 0.3843750000000001 0.5359375
1 0.11093750000000006 0.4921875 0.0031250000000000596 0.4921875 0.003125000000000068 0.61875 0.11093750000000009 0.61875
1 0.3375000000000001 0.8265625 0.2500000000000001 0.8265625 0.2500000000000001 0.9953125 0.3375000000000001 0.9953125
1 0.32500000000000007 0.74375 0.23593750000000008 0.74375 0.23593750000000008 0.84375 0.32500000000000007 0.84375
1 0.17968750000000006 0.5171875 0.06406250000000006 0.5171875 0.06406250000000008 0.6796875 0.17968750000000008 0.6796875
1 0.8875 0.0031250000000001034 0.8046875 0.0031250000000000986 0.8046875 0.10312500000000009 0.8875 0.10312500000000009
1 0.46093750000000017 0.959375 0.3546875000000001 0.959375 0.3546875000000001 1 0.46093750000000017 1
1 0.2015625000000001 0.43125 0.13593750000000004 0.43125 0.13593750000000004 0.5125 0.2015625000000001 0.5125
1 0.7640625 0.0015625000000000903 0.709375 0.0015625000000000868 0.709375 0.02968750000000009 0.7640625 0.02968750000000009
1 0.1593750000000001 0.8765625 0.023437500000000104 0.8765625 0.023437500000000114 1 0.15937500000000013 1
1 0.7546875 0.2468750000000001 0.65625 0.2468750000000001 0.65625 0.3859375000000001 0.7546875 0.3859375000000001
1 0.4484375 0.24062500000000003 0.321875 0.240625 0.321875 0.32500000000000007 0.4484375 0.32500000000000007
1 0.1328125 0.06093750000000001 0.0875 0.0609375 0.08750000000000001 0.1234375 0.1328125 0.1234375