4 0.6187500000000001 0.5859375 0.3109375000000001 0.5859375 0.3109375000000001 0.7515625 0.6187500000000001 0.7515625
1 0.996875 0.001562500000000061 0.0015625 0.0015625 0.001562500000000061 0.996875 0.996875 0.996875
4 0.2593750000000001 0.4421875 0.16093750000000004 0.4421875 0.16093750000000007 0.6453125 0.2593750000000001 0.6453125
1 0.3140625 0.017187500000000036 0.259375 0.017187500000000033 0.259375 0.9921875 0.3140625000000001 0.9921875
1 0.4296875 5.022965387127817e-17 0.390625 4.7837765591693485e-17 0.39062500000000006 0.6765625 0.4296875 0.6765625
4 0.996875 0.26250000000000007 0.9328125 0.26250000000000007 0.9328125 0.3468750000000001 0.996875 0.3468750000000001
1 0.07656250000000006 0.021875000000000006 0.010937500000000003 0.021875 0.010937500000000062 0.9859375 0.07656250000000012 0.9859375
1 0.13593750000000007 0.01406250000000001 0.0578125 0.014062500000000006 0.05781250000000006 0.9796875 0.13593750000000013 0.9796875
1 0.19062500000000004 2.0091861548511266e-17 0.1375 1.6838893488276106e-17 0.13750000000000004 0.6640625 0.1906250000000001 0.6640625
1 0.17812500000000003 0.134375 0.109375 0.134375 0.10937500000000003 0.296875 0.17812500000000003 0.296875
1 0.415625 0.16250000000000003 0.3578125 0.16250000000000003 0.3578125 0.28125000000000006 0.415625 0.2812500000000001
1 0.721875 0.1312500000000001 0.6578125 0.1312500000000001 0.6578125 0.2796875000000001 0.721875 0.2796875000000001
3 0.42500000000000016 0.7296875 0.3296875000000001 0.7296875 0.3296875000000001 1 0.42500000000000016 1
1 0.8234375 0.021875000000000096 0.7671875 0.021875000000000096 0.7671875 0.1468750000000001 0.8234375 0.1468750000000001
1 0.30156250000000007 0.28125 0.234375 0.28125 0.23437500000000006 0.4640625 0.30156250000000007 0.4640625
1 0.5375 0.16718750000000004 0.4796875 0.16718750000000004 0.4796875 0.2906250000000001 0.5375 0.2906250000000001
1 0.8953125 0.2843750000000001 0.8328125 0.2843750000000001 0.8328125 0.44062500000000016 0.8953125 0.44062500000000016
1 0.10781250000000002 0.11875 0.04531250000000001 0.11875 0.045312500000000026 0.31875 0.10781250000000005 0.31875
1 0.3625 0.12500000000000006 0.296875 0.12500000000000006 0.296875 0.3265625 0.3625 0.3265625
1 0.3625000000000001 0.4625 0.2953125000000001 0.4625 0.2953125000000001 0.64375 0.3625000000000001 0.64375
1 0.36718750000000006 0.32812500000000006 0.3 0.328125 0.30000000000000004 0.4515625 0.3671875000000001 0.4515625
1 0.48125 0.3281250000000001 0.41875 0.3281250000000001 0.41875 0.453125 0.48125 0.453125
4 1 0.015625000000000118 0.9703125 0.015625000000000118 0.9703125 0.13281250000000014 1 0.13281250000000014
4 0.4281250000000001 0.6953125 0.3125000000000001 0.6953125 0.3125000000000001 0.740625 0.4281250000000002 0.740625
1 0.3593750000000001 0.7265625 0.2921875000000001 0.7265625 0.2921875000000001 0.7453125 0.3593750000000001 0.7453125
1 0.6109375 0.3312500000000001 0.546875 0.3312500000000001 0.546875 0.46875 0.6109375 0.46875
4 0.3921875000000001 0.5046875 0.3531250000000001 0.5046875 0.3531250000000001 0.5453125 0.3921875000000001 0.5453125
1 0.8328125 0.1515625000000001 0.7796875 0.1515625000000001 0.7796875 0.30937500000000007 0.8328125 0.30937500000000007
1 0.5953125 0.00625000000000007 0.5375 0.006250000000000066 0.5375 0.12812500000000007 0.5953125 0.1281250000000001
1 0.2953125 0.006250000000000032 0.2296875 0.006250000000000028 0.2296875 0.16250000000000003 0.2953125 0.16250000000000003
1 0.5359375 0.006250000000000063 0.4734375 0.0062500000000000585 0.4734375 0.16718750000000004 0.5359375 0.16718750000000004
1 0.5953125 0.13437500000000008 0.5390625 0.13437500000000005 0.5390625 0.3218750000000001 0.5953125 0.3218750000000001