1 0.996875 0.48125000000000007 0.001562500000000059 0.48125 0.0015625000000000677 0.6218750000000001 0.996875 0.6218750000000002
1 0.2750000000000001 0.4984375 0.006250000000000061 0.4984375 0.006250000000000065 0.5734375 0.2750000000000001 0.5734375
1 0.3062500000000001 0.4890625 0.00781250000000006 0.4890625 0.00781250000000008 0.7921875 0.3062500000000001 0.7921875
1 0.06875000000000006 0.5265625 0.010937500000000063 0.5265625 0.010937500000000069 0.5859375 0.06875000000000006 0.5859375
1 0.5062500000000001 0.5453125 0.2218750000000001 0.5453125 0.2218750000000001 0.7640625 0.5062500000000002 0.7640625
1 0.4671875 0.48125 0.2687500000000001 0.48125 0.2687500000000001 0.5453125 0.4671875 0.5453125
1 0.050000000000000044 0.2921875 0.003125000000000036 0.2921875 0.003125000000000042 0.384375 0.050000000000000044 0.384375
1 0.7890625000000001 0.5625000000000001 0.534375 0.5625 0.534375 0.7609375 0.7890625000000002 0.7609375000000002
1 1 0.6062500000000002 0.86875 0.6062500000000002 0.86875 0.7656250000000002 1 0.7656250000000002
1 0.12187500000000004 0.4984375 0.010937500000000062 0.4984375 0.010937500000000063 0.54375 0.12187500000000004 0.54375
1 0.029687500000000033 0.2859375 0.003125000000000035 0.2859375 0.0031250000000000366 0.3125 0.029687500000000033 0.3125