1 0.996875 0.004687500000000061 0.0015625000000000007 0.0046875 0.0015625000000000378 0.6140625000000001 0.996875 0.6140625000000002
2 0.28593750000000007 0.4171875 0.20312500000000008 0.4171875 0.20312500000000008 0.475 0.28593750000000007 0.475
1 0.7546875 0.010937500000000046 0.00625 0.0109375 0.0062500000000000125 0.21093750000000006 0.7546875 0.21093750000000008
1 0.2531250000000001 0.446875 0.012500000000000056 0.446875 0.012500000000000067 0.6125 0.2531250000000001 0.6125
1 0.5406250000000001 0.7640625 0.042187500000000086 0.7640625 0.04218750000000011 0.9921875 0.5406250000000001 0.9921875
1 0.2953125 0.221875 0.2546875 0.221875 0.2546875 0.25625 0.2953125 0.25625
1 0.9671875 0.015625000000000104 0.7703125 0.015625000000000094 0.7703125 0.0984375000000001 0.9671875 0.09843750000000011
2 0.4640625 0.3187500000000001 0.41875 0.3187500000000001 0.41875 0.3453125000000001 0.4640625 0.3453125000000001
2 0.18281250000000004 0.4875 0.14843750000000006 0.4875 0.14843750000000006 0.509375 0.18281250000000004 0.509375
1 0.17500000000000004 0.4296875 0.12812500000000004 0.4296875 0.12812500000000004 0.459375 0.17500000000000004 0.459375
2 0.4421875 0.32500000000000007 0.3984375 0.32500000000000007 0.3984375 0.3609375000000001 0.4421875 0.3609375000000001
2 0.09375000000000007 0.540625 0.018750000000000065 0.540625 0.01875000000000007 0.5859375 0.09375000000000007 0.5859375
1 0.11406250000000004 0.2828125 0.057812500000000044 0.2828125 0.057812500000000044 0.3234375 0.11406250000000004 0.3234375
1 0.04687500000000007 0.5578125 0.004687500000000068 0.5578125 0.004687500000000071 0.6015625 0.046875000000000076 0.6015625
1 0.3078125 0.006250000000000021 0.015625 0.006250000000000003 0.015625000000000007 0.14843750000000003 0.3078125 0.14843750000000006
1 0.0921875 0.05937500000000001 0.039062500000000014 0.059375 0.039062500000000014 0.1 0.09218750000000002 0.1