1 0.9953125 0.3203125000000001 0.784375 0.3203125000000001 0.784375 0.4125000000000002 0.9953125 0.4125000000000002
1 0.3218750000000001 0.6 0.02187500000000007 0.6 0.02187500000000008 0.7 0.3218750000000001 0.7
1 0.0906250000000001 0.678125 0.006250000000000084 0.678125 0.0062500000000000845 0.7046875 0.0906250000000001 0.7046875
1 1 0.07031250000000011 0.8109375 0.07031250000000008 0.8109375 0.23593750000000008 1 0.23593750000000008
1 0.6234375 0.421875 0.5125 0.421875 0.5125 0.4640625 0.6234375 0.4640625
1 0.596875 5.73096431788488e-17 0.3390625 4.152318053358994e-17 0.3390625 0.15625000000000006 0.596875 0.15625000000000008
2 0.4484375 0.496875 0.3890625000000001 0.496875 0.3890625000000001 0.534375 0.4484375 0.534375
2 0.409375 0.5359375 0.3531250000000001 0.5359375 0.3531250000000001 0.6015625 0.409375 0.6015625
1 0.27031250000000007 0.7625 0.007812500000000094 0.7625 0.007812500000000108 0.99375 0.27031250000000007 0.99375
2 0.509375 0.4421875 0.475 0.4421875 0.475 0.48125 0.509375 0.48125
1 0.16250000000000003 0.2515625 0.09062500000000002 0.2515625 0.09062500000000004 0.4859375 0.16250000000000003 0.4859375
1 0.5421875 0.18281250000000004 0.278125 0.18281250000000004 0.278125 0.35937500000000006 0.5421875 0.3593750000000001
1 1 0.32812500000000006 4.0183723097022526e-17 0.328125 5.989288252080025e-17 0.6500000000000001 1 0.6500000000000001
1 1 0.64375 0.621875 0.64375 0.6218750000000001 0.9921875 1 0.9921875
1 0.6234375000000002 0.778125 0.3421875000000001 0.778125 0.3421875000000001 0.996875 0.6234375000000002 0.996875