4 0.34843750000000007 0.409375 0.051562500000000046 0.409375 0.05156250000000007 0.6578125 0.34843750000000007 0.6578125
4 1 0.006250000000000061 0.00625 0.00625 0.006250000000000061 1 1 1
3 0.3390625000000001 0.6265625 0.007812500000000078 0.6265625 0.0078125000000001 1 0.3390625000000001 1
1 0.11093750000000009 0.3046875 0.059375000000000046 0.3046875 0.05937500000000009 1 0.11093750000000013 1
1 0.5640625 6.228477080038492e-17 0.453125 5.5491808086364444e-17 0.453125 0.2156250000000001 0.5640625 0.2156250000000001
1 0.3203125 3.7313457161520915e-17 0.2890625 3.539994653785318e-17 0.2890625 0.19687500000000005 0.3203125 0.19687500000000005
1 0.26562500000000006 0.3234375 0.08125000000000004 0.3234375 0.08125000000000004 0.440625 0.2656250000000001 0.440625
1 0.9515625 0.3265625000000001 0.753125 0.3265625000000001 0.753125 0.4750000000000002 0.9515625 0.4750000000000002
1 0.83125 0.2671875000000001 0.621875 0.2671875000000001 0.621875 0.3734375000000001 0.83125 0.3734375000000001
1 0.8359375 0.1671875000000001 0.6484375 0.1671875000000001 0.6484375 0.29375000000000007 0.8359375 0.29375000000000007
1 0.6890625 0.001562500000000072 0.4875 0.0015625000000000597 0.4875 0.13593750000000007 0.6890625 0.1359375000000001
1 0.2250000000000001 0.653125 0.07656250000000009 0.653125 0.07656250000000009 0.7890625 0.2250000000000001 0.7890625
1 0.08750000000000004 0.13125 0.004687500000000016 0.13125 0.004687500000000027 0.303125 0.08750000000000005 0.303125
1 0.08437500000000007 0.48125 5.893612720896637e-17 0.48125 7.166097285635683e-17 0.6890625 0.08437500000000009 0.6890625
1 0.7015625 0.1390625000000001 0.5859375 0.1390625000000001 0.5859375 0.2531250000000001 0.7015625 0.2531250000000001
1 0.3609375 0.271875 0.2640625 0.271875 0.26406250000000003 0.375 0.3609375000000001 0.375
1 0.7875 0.3468750000000001 0.6015625 0.3468750000000001 0.6015625 0.4359375000000001 0.7875 0.4359375000000002
1 0.36875 0.18125000000000005 0.271875 0.18125000000000005 0.271875 0.28437500000000004 0.36875 0.2843750000000001
1 0.4359375 0.3546875000000001 0.4078125 0.3546875000000001 0.4078125 0.434375 0.4359375 0.434375
1 0.17187500000000006 0.2015625 0.09375000000000003 0.2015625 0.09375000000000003 0.3265625 0.17187500000000006 0.3265625
4 0.478125 0.15156250000000004 0.4125 0.15156250000000004 0.4125 0.21250000000000008 0.478125 0.21250000000000008
4 0.996875 0.2453125000000001 0.8125 0.2453125000000001 0.8125 0.34062500000000007 0.996875 0.34062500000000007
1 0.26875 0.1609375 0.07500000000000002 0.1609375 0.07500000000000002 0.2171875 0.26875 0.2171875
2 0.07500000000000001 0.031250000000000014 0.05 0.031250000000000014 0.05000000000000001 0.096875 0.07500000000000002 0.096875
4 0.09843750000000005 0.415625 0.00625000000000005 0.415625 0.006250000000000059 0.565625 0.09843750000000007 0.565625
2 0.6375 0.3781250000000001 0.5953125 0.3781250000000001 0.5953125 0.4171875 0.6375 0.4171875
2 0.8109375 0.1671875000000001 0.7578125 0.1671875000000001 0.7578125 0.1859375000000001 0.8109375 0.1859375000000001
1 0.9984375 0.03125000000000012 0.925 0.03125000000000011 0.925 0.09375000000000012 0.9984375 0.09375000000000014
4 0.9953125 0.534375 0.5 0.534375 0.5000000000000001 0.7906250000000001 0.9953125 0.7906250000000001
4 0.9 0.7656250000000001 0.34062500000000007 0.765625 0.34062500000000007 0.9796875 0.9 0.9796875