3 0.8375 0.2453125000000001 0.6796875 0.2453125000000001 0.6796875 0.4156250000000001 0.8375 0.4156250000000002
4 0.99375 0.1984375000000001 0.828125 0.1984375000000001 0.828125 0.30937500000000007 0.99375 0.30937500000000007
3 0.95 0.057812500000000114 0.8328125 0.057812500000000114 0.8328125 0.1593750000000001 0.95 0.15937500000000013
4 1 0.00312500000000012 0.96875 0.003125000000000118 0.96875 0.053125000000000124 1 0.05312500000000013
1 0.4234375000000001 0.478125 0.3187500000000001 0.478125 0.3187500000000001 0.884375 0.4234375000000002 0.884375
3 0.8453125 0.0796875000000001 0.66875 0.07968750000000009 0.66875 0.2375000000000001 0.8453125 0.2375000000000001
4 1 0.6281250000000002 0.8703125 0.6281250000000002 0.8703125 0.9984375 1 0.9984375
4 1 0.1828125000000001 0.78125 0.1828125000000001 0.78125 0.4906250000000002 1 0.4906250000000002
3 0.7562500000000001 0.5953125000000001 0.4046875 0.5953125 0.4046875000000001 0.9140625 0.7562500000000002 0.9140625
4 1 0.6468750000000002 0.9703125 0.6468750000000002 0.9703125 0.6937500000000002 1 0.6937500000000002
4 0.9375 0.7171875000000002 0.8921875 0.7171875000000002 0.8921875 0.7578125000000002 0.9375 0.7578125000000002
3 0.7453125 0.4250000000000001 0.3828125000000001 0.425 0.3828125000000001 0.6250000000000001 0.7453125 0.6250000000000002