4 0.46875 0.045312500000000026 0.034375 0.0453125 0.034375000000000024 0.403125 0.46875 0.403125
1 1 0.6156250000000001 0.2968750000000001 0.615625 0.2968750000000001 0.996875 1 0.996875
4 0.4828125000000002 0.875 0.4343750000000002 0.875 0.4343750000000002 0.934375 0.4828125000000002 0.934375
3 0.2593750000000001 0.6265625 7.673177600907635e-17 0.6265625 9.91198503059889e-17 0.9921875 0.2593750000000001 0.9921875
4 0.5750000000000002 0.88125 0.5218750000000002 0.88125 0.5218750000000002 0.9953125 0.5750000000000002 0.9953125
4 0.965625 0.5687500000000002 0.9234375 0.5687500000000002 0.9234375 0.7140625000000002 0.965625 0.7140625000000002
4 0.5250000000000001 0.671875 0.36406250000000007 0.671875 0.36406250000000007 0.7375 0.5250000000000001 0.7375
3 0.46406250000000016 0.921875 0.3515625000000001 0.921875 0.3515625000000001 0.9953125 0.46406250000000016 0.9953125
4 0.3937500000000001 0.6609375 0.3312500000000001 0.6609375 0.3312500000000001 0.7125 0.3937500000000001 0.7125
4 0.6140625 0.6890625 0.596875 0.6890625 0.596875 0.7203125 0.6140625 0.7203125
3 0.22656250000000008 0.640625 0.0062500000000000775 0.640625 0.006250000000000086 0.7625 0.22656250000000008 0.7625
3 0.0812500000000001 0.6828125 8.362041425428021e-17 0.6828125 9.194418546723489e-17 0.81875 0.08125000000000011 0.81875