4 0.7140625000000002 0.859375 0.4812500000000002 0.859375 0.4812500000000002 0.9984375 0.7140625000000002 0.9984375
4 0.5390625 0.07500000000000005 0.40625 0.07500000000000004 0.40625 0.18906250000000005 0.5390625 0.18906250000000005
4 0.1765625 1.1002686086089501e-17 0.003125 3.827021247335479e-19 0.0031250000000000036 0.054687500000000014 0.1765625 0.05468750000000002
4 0.34062500000000007 0.5859375 0.2812500000000001 0.5859375 0.2812500000000001 0.65 0.34062500000000007 0.65
3 0.26562500000000006 0.3078125 3.769615928625447e-17 0.3078125 4.410641987554139e-17 0.4125 0.2656250000000001 0.4125
4 0.2390625000000001 0.4765625 0.19843750000000004 0.4765625 0.19843750000000004 0.5140625 0.2390625000000001 0.5140625
3 0.4625 0.20312500000000006 0.2703125 0.203125 0.27031250000000007 0.39531250000000007 0.4625 0.39531250000000007
3 0.2421875 0.03750000000000002 0.003125000000000004 0.0375 0.003125000000000011 0.14218750000000002 0.2421875 0.14218750000000005
3 0.503125 0.0015625000000000521 0.3453125 0.0015625000000000424 0.3453125 0.10625000000000004 0.503125 0.10625000000000004
3 0.1968750000000001 0.8453125 0.010937500000000103 0.8453125 0.010937500000000109 0.91875 0.19687500000000013 0.91875
1 0.253125 0.12500000000000003 0.0015625000000000153 0.125 0.0015625000000000257 0.2953125 0.253125 0.2953125