4 0.7890625 0.2140625000000001 0.528125 0.2140625000000001 0.528125 0.5203125000000001 0.7890625 0.5203125000000002
1 0.996875 6.113666442618428e-17 0.0015625 1.9135106236677395e-19 0.001562500000000061 0.996875 0.996875 0.996875
1 0.2984375 0.010937500000000029 0.1765625 0.010937500000000022 0.17656250000000007 0.95 0.2984375000000001 0.95
1 0.43437500000000007 0.006250000000000043 0.2609375 0.006250000000000033 0.26093750000000004 0.978125 0.4343750000000002 0.978125
1 0.290625 0.015625000000000035 0.2546875 0.015625000000000035 0.2546875 0.25 0.290625 0.25
1 0.440625 0.10468750000000004 0.4203125 0.10468750000000004 0.4203125 0.16250000000000003 0.440625 0.16250000000000003
4 0.5046875 0.01093750000000006 0.46875 0.010937500000000058 0.46875 0.056250000000000064 0.5046875 0.056250000000000064
1 0.71875 0.08125000000000009 0.675 0.08125000000000009 0.675 0.23593750000000008 0.71875 0.23593750000000008
1 0.1109375000000001 0.553125 0.06406250000000006 0.553125 0.0640625000000001 1 0.11093750000000013 1
4 0.7 0.0015625000000000712 0.4578125 0.0015625000000000562 0.4578125 0.060937500000000075 0.7 0.06093750000000009
4 0.5 0.18281250000000004 0.409375 0.18281250000000004 0.409375 0.26250000000000007 0.5 0.26250000000000007
1 0.590625 0.10937500000000007 0.4359375 0.10937500000000004 0.4359375 0.16093750000000007 0.590625 0.1609375000000001
4 0.18750000000000006 0.2875 0.051562500000000046 0.2875 0.051562500000000046 0.3375 0.18750000000000006 0.3375
1 0.54375 0.15156250000000004 0.2828125 0.15156250000000004 0.2828125 0.21093750000000006 0.54375 0.21093750000000008
1 0.5 0.05781250000000006 0.2828125 0.057812500000000044 0.2828125 0.11093750000000005 0.5 0.11093750000000005
4 0.5875 0.3046875000000001 0.528125 0.3046875000000001 0.528125 0.3687500000000001 0.5875 0.3687500000000001
1 0.7 0.1140625000000001 0.5875 0.1140625000000001 0.5875 0.16562500000000008 0.7 0.16562500000000008