4 0.7906250000000001 0.4750000000000001 0.5265625 0.475 0.5265625 0.7796875000000001 0.7906250000000001 0.7796875000000002
1 0.9984375 6.113666442618428e-17 0 0 6.104098889500089e-17 0.996875 0.9984375 0.996875
1 0.28125000000000006 0.03906250000000003 0.20625 0.03906250000000002 0.20625000000000004 0.978125 0.2812500000000001 0.978125
1 0.3921875 0.014062500000000039 0.2453125 0.014062500000000028 0.24531250000000004 0.9921875 0.3921875000000001 0.9921875
3 0.6921875 6.907773351440539e-17 0.4359375 5.338694640032993e-17 0.4359375 0.3531250000000001 0.6921875 0.3531250000000001
3 0.275 0.015625000000000017 0.009375000000000003 0.015625 0.009375000000000033 0.51875 0.2750000000000001 0.51875
4 0.98125 0.1718750000000001 0.875 0.17187500000000008 0.875 0.2234375000000001 0.98125 0.2234375000000001
4 0.459375 0.2812500000000001 0.39375 0.2812500000000001 0.39375000000000004 0.4046875 0.459375 0.4046875
4 0.4734375 0.2906250000000001 0.4375 0.2906250000000001 0.4375 0.3359375000000001 0.4734375 0.3359375000000001
1 0.7015625 0.053125000000000075 0.5140625 0.05312500000000007 0.5140625 0.08281250000000008 0.7015625 0.0828125000000001
1 0.4484375 0.09218750000000003 0.2625 0.09218750000000002 0.2625 0.14375000000000004 0.4484375 0.14375000000000004
1 0.11093750000000005 0.025000000000000012 0.0671875 0.025000000000000012 0.06718750000000004 0.5625 0.11093750000000009 0.5625
1 0.4484375 0.23281250000000003 0.265625 0.2328125 0.265625 0.28593750000000007 0.4484375 0.28593750000000007
1 0.69375 0.10312500000000006 0.4921875 0.10312500000000005 0.4921875 0.16093750000000007 0.69375 0.1609375000000001
2 0.2234375 0.01718750000000002 0.075 0.017187500000000012 0.075 0.05625000000000001 0.2234375 0.05625000000000002
1 1 0.3625000000000001 0.775 0.3625000000000001 0.775 0.4234375000000002 1 0.4234375000000002
1 0.95625 0.009375000000000102 0.6984375 0.009375000000000086 0.6984375 0.0843750000000001 0.95625 0.08437500000000012
1 0.2453125000000001 0.7546875 0.014062500000000094 0.7546875 0.014062500000000097 0.80625 0.2453125000000001 0.80625
1 0.5046875 0.4203125 0.2718750000000001 0.4203125 0.2718750000000001 0.4703125 0.5046875 0.4703125
4 0.234375 0.017187500000000015 0.0031250000000000028 0.0171875 0.0031250000000000084 0.11718750000000003 0.234375 0.11718750000000004
1 0.5265625 0.04531250000000005 0.271875 0.04531250000000003 0.271875 0.10625000000000004 0.5265625 0.10625000000000004
1 0.2562500000000001 0.8515625 0.021875000000000106 0.8515625 0.02187500000000011 0.9109375 0.2562500000000001 0.9109375
1 0.459375 0.18593750000000003 0.26875 0.18593750000000003 0.26875 0.23593750000000005 0.459375 0.23593750000000008
1 0.2625 0.13437500000000002 0.07500000000000002 0.134375 0.07500000000000002 0.18750000000000003 0.2625 0.18750000000000006
1 0.990625 0.0875000000000001 0.6953125 0.08750000000000009 0.6953125 0.16093750000000012 0.990625 0.16093750000000012
4 0.4421875 0.28593750000000007 0.4140625 0.28593750000000007 0.4140625 0.3343750000000001 0.4421875 0.3343750000000001
1 1 0.33281250000000007 0.8 0.33281250000000007 0.8 0.3828125000000001 1 0.3828125000000001
4 0.1640625000000001 0.896875 0.1218750000000001 0.896875 0.12187500000000011 0.9515625 0.16406250000000014 0.9515625
1 0.79375 0.057812500000000086 0.665625 0.057812500000000086 0.665625 0.11250000000000009 0.79375 0.11250000000000009
1 0.9984375 0.2828125000000001 0.6875 0.2828125000000001 0.6875 0.3437500000000001 0.9984375 0.3437500000000001
1 0.25625 0.17968750000000003 0.010937500000000022 0.1796875 0.010937500000000027 0.24375 0.25625 0.24375
1 0.678125 0.06562500000000007 0.5359375 0.06562500000000007 0.5359375 0.11406250000000007 0.678125 0.1140625000000001
1 1 0.2375000000000001 0.690625 0.2375000000000001 0.690625 0.2968750000000001 1 0.2968750000000001
1 0.4078125 0.0015625000000000402 0.2484375 0.0015625000000000304 0.2484375 0.04218750000000004 0.4078125 0.042187500000000044
1 1 0.4312500000000002 0.74375 0.4312500000000002 0.74375 0.47968750000000016 1 0.47968750000000016