4 0.83125 0.14531250000000007 0.2703125 0.14531250000000004 0.27031250000000007 0.7718750000000001 0.83125 0.7718750000000002
2 0.5312500000000001 0.20156250000000003 0.009375000000000026 0.2015625 0.009375000000000074 0.9890625 0.5312500000000002 0.9890625
4 0.1437500000000001 0.5484375 0.0015625000000000673 0.5484375 0.0015625000000000781 0.7265625 0.1437500000000001 0.7265625
1 0.3078125 0.2640625 0.014062500000000033 0.2640625 0.014062500000000037 0.3140625 0.3078125 0.3140625
4 0.30156250000000007 0.2921875 0.048437500000000036 0.2921875 0.04843750000000004 0.471875 0.30156250000000007 0.471875
1 0.11718750000000011 0.89375 0.0031250000000001095 0.89375 0.003125000000000115 0.9890625 0.11718750000000014 0.9890625
4 0.9765625 0.2312500000000001 0.9 0.2312500000000001 0.9 0.3750000000000001 0.9765625 0.3750000000000001
4 0.1187500000000001 0.790625 0.0015625000000000972 0.790625 0.0015625000000001042 0.909375 0.11875000000000013 0.909375
1 0.16406250000000006 0.4890625 0.006250000000000061 0.4890625 0.006250000000000066 0.5921875 0.16406250000000008 0.5921875
1 0.07656250000000006 0.315625 0.02031250000000004 0.315625 0.020312500000000046 0.45625 0.07656250000000006 0.45625
2 0.815625 0.2375000000000001 0.69375 0.2375000000000001 0.69375 0.4078125000000001 0.815625 0.4078125000000002
1 1 0.2500000000000001 0.865625 0.2500000000000001 0.865625 0.2765625000000001 1 0.2765625000000001
4 0.440625 0.15937500000000004 0.328125 0.15937500000000004 0.328125 0.30000000000000004 0.440625 0.3000000000000001
4 0.2593750000000001 0.465625 0.17187500000000006 0.465625 0.17187500000000006 0.609375 0.2593750000000001 0.609375
4 0.03750000000000003 0.2015625 0.001562500000000025 0.2015625 0.0015625000000000354 0.371875 0.03750000000000005 0.371875