4 0.7703125000000001 0.25625000000000003 0.14843750000000006 0.25625 0.14843750000000006 0.8234375 0.7703125000000002 0.8234375
1 0.996875 6.687719629718749e-17 0.0953125 1.1672414804373211e-17 0.09531250000000005 0.996875 0.996875 0.996875
1 0.853125 0.13281250000000008 0.7203125 0.13281250000000008 0.7203125 0.34843750000000007 0.853125 0.34843750000000007
4 0.86875 0.0015625000000000964 0.709375 0.0015625000000000868 0.709375 0.1703125000000001 0.86875 0.1703125000000001
2 0.38750000000000007 0.7359375 0.09687500000000009 0.7359375 0.09687500000000011 0.9984375 0.38750000000000007 0.9984375
1 0.7375 0.05156250000000009 0.6921875 0.05156250000000009 0.6921875 0.2312500000000001 0.7375 0.2312500000000001
2 0.4703125 4.104480287767301e-17 0.2 2.4492935982947065e-17 0.2 0.32656250000000003 0.4703125 0.3265625000000001
4 0.7234375 0.0015625000000000781 0.546875 0.0015625000000000673 0.546875 0.13437500000000008 0.7234375 0.13437500000000008
4 0.9953125 1.1576739273189822e-16 0.8953125 1.0964415873616147e-16 0.8953125 0.11250000000000011 0.9953125 0.11250000000000013
1 0.315625 0.007812500000000035 0.2390625 0.007812500000000031 0.2390625 0.33125 0.315625 0.33125
4 0.6171875 0.004687500000000067 0.478125 0.004687500000000058 0.478125 0.16562500000000008 0.6171875 0.16562500000000008
1 0.984375 0.10625000000000011 0.84375 0.1062500000000001 0.84375 0.2406250000000001 0.984375 0.2406250000000001
1 0.45625 0.001562500000000047 0.3078125 0.0015625000000000374 0.3078125 0.07031250000000006 0.45625 0.07031250000000007