4 0.7421875000000001 0.22812500000000005 0.16875000000000004 0.228125 0.16875000000000007 0.8421875 0.7421875000000002 0.8421875
1 0.453125 0.010937500000000027 0.0078125 0.0109375 0.007812500000000017 0.290625 0.453125 0.2906250000000001
4 1 0.12031250000000011 0.740625 0.12031250000000009 0.740625 0.2875000000000001 1 0.2875000000000001
2 0.23906250000000004 0.2859375 3.501724441311963e-17 0.2859375 6.362422823695234e-17 0.753125 0.2390625000000001 0.753125
1 1 0.28593750000000007 0.8609375 0.28593750000000007 0.8609375 0.45625000000000016 1 0.45625000000000016
1 1 0.007812500000000114 0.890625 0.007812500000000108 0.890625 0.10468750000000011 1 0.10468750000000013
1 0.7953125 0.1671875000000001 0.546875 0.1671875000000001 0.546875 0.2906250000000001 0.7953125 0.2906250000000001
4 0.6625 0.02343750000000007 0.4453125 0.023437500000000056 0.4453125 0.15468750000000006 0.6625 0.1546875000000001
4 0.5109375 0.23281250000000003 0.2078125 0.2328125 0.20781250000000004 0.471875 0.5109375 0.471875
1 0.19843750000000004 0.2625 3.214697847761802e-17 0.2625 4.4202095406724777e-17 0.459375 0.19843750000000004 0.459375
1 0.9046875 0.12968750000000007 0.446875 0.12968750000000004 0.446875 0.18437500000000007 0.9046875 0.1843750000000001
1 0.6859375 0.0031250000000000687 0.4265625 0.0031250000000000526 0.4265625 0.03437500000000007 0.6859375 0.034375000000000086
1 0.4484375 0.0015625000000000343 0.1109375 0.001562500000000014 0.1109375 0.04531250000000003 0.4484375 0.045312500000000054
4 0.07500000000000001 0.004687500000000005 5.740531871003218e-19 0.0046875 9.280526524788536e-18 0.146875 0.07500000000000002 0.146875
4 0.7109375 0.3062500000000001 0.653125 0.3062500000000001 0.653125 0.41875 0.7109375 0.41875