1 0.9984375 0.4750000000000001 5.817072295949927e-17 0.475 6.180639314446799e-17 0.534375 0.9984375 0.5343750000000002
1 0.3937500000000001 0.4734375 0.0062500000000000585 0.4734375 0.006250000000000061 0.5171875 0.3937500000000001 0.5171875
1 0.9921875 0.4671875000000001 0.003125000000000057 0.4671875 0.0031250000000000813 0.859375 0.9921875 0.859375
1 0.30781250000000004 0.221875 0.026562500000000024 0.221875 0.026562500000000034 0.3859375 0.3078125000000001 0.3859375
1 0.41875000000000007 0.509375 0.32500000000000007 0.509375 0.32500000000000007 0.7546875 0.4187500000000002 0.7546875
1 0.3062500000000001 0.725 0.09218750000000009 0.725 0.09218750000000009 0.7609375 0.3062500000000001 0.7609375
1 0.3078125000000001 0.7546875 0.003125000000000093 0.7546875 0.0031250000000000973 0.8296875 0.3078125000000001 0.8296875
1 0.740625 4.5350201780925416e-17 0 0 4.018372309702255e-18 0.06562500000000004 0.740625 0.06562500000000009
1 0.3812500000000001 0.5125 0.3390625000000001 0.5125 0.3390625000000001 0.6296875 0.3812500000000001 0.6296875
1 0.09687500000000007 0.4734375 5.79793718971325e-17 0.4734375 5.931882933369991e-17 0.4953125 0.09687500000000007 0.4953125
1 0.16875000000000004 0.2078125 0.012500000000000028 0.2078125 0.012500000000000034 0.3109375 0.16875000000000004 0.3109375
1 0.17500000000000004 0.4828125 0.12500000000000006 0.4828125 0.12500000000000006 0.5015625 0.17500000000000004 0.5015625