1 0.996875 6.113666442618428e-17 0.0015625 1.9135106236677395e-19 0.001562500000000061 0.996875 0.996875 0.996875
4 0.3421875 0.056250000000000036 0.2515625 0.05625000000000002 0.2515625 0.2171875 0.3421875 0.2171875
1 0.34375000000000006 0.028125000000000032 0.1453125 0.02812500000000002 0.14531250000000007 0.975 0.3437500000000001 0.975
1 0.25000000000000006 2.3249154077563034e-17 0.1296875 1.5882138176442238e-17 0.1296875 0.440625 0.2500000000000001 0.440625
1 0.20312500000000006 0.02031250000000001 0.0015625000000000027 0.0203125 0.0015625000000000617 0.984375 0.20312500000000008 0.984375
4 0.11562500000000002 0.03281250000000001 0.021875000000000006 0.0328125 0.021875000000000016 0.228125 0.11562500000000005 0.228125
4 0.08906250000000002 0.03906250000000001 0.0328125 0.0390625 0.03281250000000001 0.09375 0.08906250000000002 0.09375
1 1 0.10625000000000011 0.8921875 0.1062500000000001 0.8921875 0.30937500000000007 1 0.30937500000000007
4 0.74375 0.3859375000000001 0.6859375 0.3859375000000001 0.6859375 0.4296875000000001 0.74375 0.42968750000000017
4 0.334375 0.06093750000000005 0.2765625 0.06093750000000005 0.2765625 0.11875000000000005 0.334375 0.11875000000000005
4 0.509375 0.4125 0.44375 0.4125 0.44375 0.45 0.509375 0.45
1 0.10937500000000004 0.225 0.02031250000000003 0.225 0.020312500000000035 0.365625 0.10937500000000004 0.365625
1 0.246875 0.003125000000000027 0.196875 0.0031250000000000236 0.196875 0.16093750000000004 0.246875 0.16093750000000004
4 0.890625 1.0533875983290905e-16 0.8296875 1.0160741411675695e-16 0.8296875 0.03593750000000011 0.890625 0.03593750000000011
1 0.14531250000000004 0.3328125 0.028125000000000046 0.3328125 0.02812500000000005 0.4453125 0.14531250000000004 0.4453125
1 0.6234375 0.12656250000000008 0.49375 0.12656250000000005 0.49375 0.3140625000000001 0.6234375 0.3140625000000001
1 0.6296875 0.0031250000000000596 0.3390625 0.003125000000000042 0.3390625 0.18281250000000007 0.6296875 0.1828125000000001
1 1 0.006250000000000118 0.928125 0.006250000000000114 0.928125 0.11562500000000013 1 0.11562500000000013
1 0.17968750000000003 0.128125 0.1015625 0.128125 0.10156250000000003 0.2375 0.17968750000000006 0.2375
1 0.91875 0.014062500000000108 0.8421875 0.014062500000000106 0.8421875 0.1656250000000001 0.91875 0.16562500000000013
4 0.85 0.2812500000000001 0.715625 0.2812500000000001 0.715625 0.4531250000000001 0.85 0.45312500000000017
1 0.8546875 0.0640625000000001 0.7578125 0.06406250000000009 0.7578125 0.1906250000000001 0.8546875 0.1906250000000001
1 0.38125 0.21406250000000004 0.290625 0.2140625 0.290625 0.32656250000000003 0.38125 0.3265625000000001
1 0.765625 0.11562500000000009 0.7046875 0.11562500000000009 0.7046875 0.2687500000000001 0.765625 0.2687500000000001
1 0.09687500000000006 0.428125 0.025000000000000057 0.428125 0.02500000000000006 0.5125 0.09687500000000007 0.5125
4 0.85 0.17968750000000008 0.7421875 0.17968750000000008 0.7421875 0.3062500000000001 0.85 0.3062500000000001
4 0.35781250000000003 0.3546875 0.296875 0.3546875 0.29687500000000006 0.4484375 0.3578125000000001 0.4484375