1 0.5078125000000001 5.855342508423283e-17 0.4484375 5.4917754899264124e-17 0.4484375000000001 0.9984375 0.5078125000000002 0.9984375
1 0.984375 0.7578125000000001 0.017187500000000095 0.7578125 0.0171875000000001 0.8296875 0.984375 0.8296875
1 0.5109375 0.421875 5.166478683902896e-17 0.421875 5.817072295949927e-17 0.528125 0.5109375 0.528125
1 0.984375 0.7609375 0.001562500000000093 0.7609375 0.0015625000000001072 0.9890625 0.984375 0.9890625
1 0.659375 0.03281250000000008 0.6 0.03281250000000008 0.6000000000000001 0.996875 0.6593750000000002 0.996875
1 0.4109375000000002 0.8890625 0.001562500000000109 0.8890625 0.0015625000000001124 0.9453125 0.4109375000000002 0.9453125
1 0.99375 0.3390625000000001 0.653125 0.3390625000000001 0.653125 0.4953125000000001 0.99375 0.49531250000000016
1 0.9828125 0.4843750000000001 0.0062500000000000585 0.484375 0.006250000000000063 0.5437500000000001 0.9828125 0.5437500000000002
1 0.503125 0.0031250000000000583 0.45 0.0031250000000000557 0.45 0.19687500000000005 0.503125 0.19687500000000005
1 0.3296875000000001 0.3765625 0.0031250000000000457 0.3765625 0.0031250000000000505 0.45 0.3296875000000001 0.45
1 0.4984375 0.028125000000000056 0.4703125 0.028125000000000056 0.4703125 0.4328125 0.4984375 0.4328125
1 0.76875 0.3703125000000001 0.590625 0.3703125000000001 0.590625 0.4562500000000001 0.76875 0.45625000000000016
1 0.3062500000000001 0.775 9.491012693391987e-17 0.775 9.83544460565218e-17 0.83125 0.3062500000000001 0.83125