1 0.9984375 0.4640625000000001 0.003125000000000057 0.4640625 0.003125000000000063 0.5640625000000001 0.9984375 0.5640625000000001
1 0.9890625 0.5421875000000002 0.790625 0.5421875000000002 0.7906250000000001 0.9609375 0.9890625 0.9609375
1 0.3625000000000001 0.4875 0.00937500000000006 0.4875 0.009375000000000066 0.5609375 0.3625000000000001 0.5609375
1 0.809375 0.5281250000000002 0.7765625 0.5281250000000002 0.7765625 0.9609375 0.809375 0.9609375
1 0.371875 0.006250000000000029 0.1203125 0.006250000000000014 0.1203125 0.09062500000000004 0.371875 0.09062500000000004
1 0.7187500000000002 0.8359375 0.5546875000000002 0.8359375 0.5546875000000002 0.946875 0.7187500000000002 0.946875
1 0.659375 0.24218750000000008 0.603125 0.24218750000000008 0.603125 0.28593750000000007 0.659375 0.28593750000000007
2 0.08437500000000006 0.5265625 0.012500000000000067 0.5265625 0.012500000000000067 0.553125 0.08437500000000006 0.553125
1 0.4765625 0.26562500000000006 0.2890625 0.265625 0.28906250000000006 0.446875 0.4765625 0.446875
1 0.509375 0.18906250000000005 0.4171875 0.18906250000000005 0.4171875 0.2765625000000001 0.509375 0.2765625000000001
2 0.121875 0.05312500000000001 0.020312500000000004 0.053125 0.020312500000000008 0.09531250000000001 0.121875 0.09531250000000002
1 0.5578125 0.5765625 0.4453125 0.5765625 0.4453125 0.703125 0.5578125 0.703125
1 0.9953125 0.5515625000000002 0.921875 0.5515625000000002 0.921875 0.6250000000000002 0.9953125 0.6250000000000002
2 0.996875 0.4656250000000002 0.853125 0.4656250000000002 0.853125 0.49531250000000016 0.996875 0.49531250000000016
1 0.91875 0.5484375000000001 0.896875 0.5484375000000001 0.896875 0.7000000000000002 0.91875 0.7000000000000002
1 0.3609375000000001 0.4359375 0.2734375000000001 0.4359375 0.2734375000000001 0.4890625 0.3609375000000001 0.4890625
1 0.3359375000000001 0.70625 0.21875000000000008 0.70625 0.21875000000000008 0.8171875 0.3359375000000001 0.8171875
2 0.7546875 0.4671875000000001 0.7140625 0.4671875 0.7140625 0.5000000000000001 0.7546875 0.5000000000000002
3 0.503125 0.715625 0.4609375 0.715625 0.4609375000000001 0.7671875 0.5031250000000002 0.7671875
1 1 0.1718750000000001 0.7703125 0.17187500000000008 0.7703125 0.3703125000000001 1 0.3703125000000001
1 0.12343750000000009 0.7578125 0.02968750000000009 0.7578125 0.029687500000000096 0.81875 0.12343750000000009 0.81875
1 0.759375 0.0031250000000000748 0.465625 0.003125000000000057 0.465625 0.13281250000000006 0.759375 0.13281250000000008
3 0.5015625 0.18281250000000004 0.46875 0.18281250000000004 0.46875 0.22031250000000008 0.5015625 0.22031250000000008
1 0.7921875 0.5375000000000002 0.7703125 0.5375000000000002 0.7703125 0.6625000000000002 0.7921875 0.6625000000000002
2 0.2921875000000001 0.453125 0.2609375000000001 0.453125 0.2609375000000001 0.4828125 0.2921875000000001 0.4828125
2 0.5000000000000001 0.7125 0.4875 0.7125 0.4875000000000001 0.7296875 0.5000000000000002 0.7296875
2 0.02656250000000008 0.61875 0.004687500000000076 0.61875 0.004687500000000078 0.640625 0.02656250000000008 0.640625