1 0.9984375 0.43437500000000007 0.0015625000000000534 0.434375 0.0015625000000000593 0.5328125000000001 0.9984375 0.5328125000000001
1 0.2671875000000001 0.4546875 5.568315914873122e-17 0.4546875 5.998855805198363e-17 0.525 0.2671875000000001 0.525
1 0.11406250000000002 0.1609375 0.07656250000000002 0.1609375 0.07656250000000003 0.440625 0.11406250000000004 0.440625
1 0.978125 0.9015625 0.6046875000000002 0.9015625 0.6046875000000002 0.9984375 0.978125 0.9984375
1 0.5718750000000001 0.7015625 0.4671875 0.7015625 0.4671875000000001 0.775 0.5718750000000001 0.775
1 0.453125 0.05781250000000003 0.271875 0.057812500000000024 0.271875 0.16718750000000004 0.453125 0.16718750000000004
2 0.84375 0.4437500000000001 0.7109375 0.44375 0.7109375 0.4906250000000001 0.84375 0.4906250000000002
1 0.4015625000000001 0.6984375 0.3359375000000001 0.6984375 0.3359375000000001 0.73125 0.40156250000000016 0.73125
1 0.23906250000000004 0.035937500000000025 0.203125 0.035937500000000025 0.20312500000000006 0.475 0.2390625000000001 0.475
1 0.4671875000000001 0.7046875 0.2484375000000001 0.7046875 0.2484375000000001 0.8234375 0.4671875000000002 0.8234375
2 0.4140625 0.459375 0.2812500000000001 0.459375 0.2812500000000001 0.5015625 0.4140625 0.5015625
3 0.2718750000000001 0.6109375 7.481826538540861e-17 0.6109375 9.778039286942148e-17 0.9859375 0.2718750000000001 0.9859375
1 0.553125 0.0015625000000000556 0.3515625 0.001562500000000043 0.3515625 0.09687500000000006 0.553125 0.09687500000000007
2 0.51875 0.26250000000000007 0.475 0.26250000000000007 0.475 0.3109375000000001 0.51875 0.3109375000000001
1 0.2203125 0.039062500000000014 0.004687500000000004 0.0390625 0.004687500000000006 0.06250000000000001 0.2203125 0.06250000000000003
1 0.5953125 0.3140625000000001 0.428125 0.3140625000000001 0.428125 0.4609375 0.5953125 0.4609375
1 0.9953125 0.4421875000000002 0.853125 0.4421875000000002 0.853125 0.4828125000000002 0.9953125 0.4828125000000002
2 0.0578125 0.04062500000000001 0.0031250000000000054 0.040625 0.0031250000000000062 0.0578125 0.0578125 0.0578125
1 0.17187500000000006 0.5015625 0.00781250000000006 0.5015625 0.007812500000000062 0.53125 0.17187500000000006 0.53125
2 0.4328125 0.4515625 0.3468750000000001 0.4515625 0.3468750000000001 0.478125 0.4328125 0.478125
2 0.8859375 0.4421875000000002 0.80625 0.4421875000000002 0.80625 0.4828125000000002 0.8859375 0.4828125000000002
1 0.990625 0.1265625000000001 0.8734375 0.12656250000000008 0.8734375 0.2718750000000001 0.990625 0.2718750000000001
2 0.2171875 0.13281250000000003 0.09062500000000002 0.1328125 0.09062500000000002 0.2265625 0.2171875 0.2265625
1 0.79375 0.15781250000000008 0.640625 0.15781250000000008 0.640625 0.31718750000000007 0.79375 0.31718750000000007
2 0.21875 0.12500000000000003 0.1609375 0.125 0.1609375 0.18906250000000002 0.21875 0.18906250000000005
3 0.5421875 0.2312500000000001 0.490625 0.2312500000000001 0.490625 0.2968750000000001 0.5421875 0.2968750000000001
1 0.22031250000000005 0.321875 0.07812500000000004 0.321875 0.07812500000000006 0.4546875 0.22031250000000008 0.4546875
1 1 0.3359375000000001 0.9265625 0.3359375000000001 0.9265625 0.4390625000000002 1 0.4390625000000002
1 0.10000000000000002 0.05625000000000001 0.012500000000000006 0.05625 0.012500000000000015 0.203125 0.10000000000000005 0.203125
2 0.98125 0.903125 0.884375 0.903125 0.884375 0.9484375 0.98125 0.9484375
1 0.07968750000000005 0.3609375 4.420209540672478e-17 0.3609375 4.975127621536122e-17 0.4515625 0.07968750000000005 0.4515625
2 0.5140625 0.27031250000000007 0.503125 0.27031250000000007 0.503125 0.2875000000000001 0.5140625 0.2875000000000001
1 0.6578125 0.37343750000000003 0.2500000000000001 0.3734375 0.2500000000000001 0.5078125 0.6578125 0.5078125
1 0.0906250000000001 0.7296875 0.06875000000000009 0.7296875 0.06875000000000009 0.753125 0.0906250000000001 0.753125
2 0.5296875 0.2656250000000001 0.44375 0.2656250000000001 0.44375 0.3687500000000001 0.5296875 0.3687500000000001
2 0.703125 0.21250000000000008 0.6890625 0.21250000000000008 0.6890625 0.2375000000000001 0.703125 0.2375000000000001
2 0.4921875 0.63125 0.465625 0.63125 0.465625 0.6640625 0.4921875 0.6640625
1 0.2250000000000001 0.44375 5.43437017121638e-17 0.44375 5.568315914873122e-17 0.465625 0.2250000000000001 0.465625
1 0.2484375 2.2292398765729163e-17 0.115625 1.4159978615141272e-17 0.115625 0.04843750000000002 0.2484375 0.048437500000000036
1 1 0.46093750000000017 0.790625 0.46093750000000017 0.790625 0.5718750000000001 1 0.5718750000000001
2 0.996875 0.3515625000000001 0.9625 0.3515625000000001 0.9625 0.39531250000000007 0.996875 0.39531250000000007
1 0.4484375 0.425 0.4359375 0.425 0.4359375 0.440625 0.4484375 0.440625
1 0.4875 0.2406250000000001 0.465625 0.2406250000000001 0.465625 0.2640625000000001 0.4875 0.2640625000000001
1 0.046875000000000056 0.4140625 0.00937500000000005 0.4140625 0.009375000000000053 0.453125 0.046875000000000056 0.453125