4 0.5890625 0.4015625 0.3125000000000001 0.4015625 0.3125000000000001 0.5875 0.5890625 0.5875
1 0.34843750000000007 0.023437500000000038 0.2671875 0.023437500000000035 0.2671875 0.978125 0.34843750000000007 0.978125
1 0.334375 3.683507950560398e-17 0.2671875 3.2721031664718344e-17 0.2671875 0.346875 0.334375 0.346875
1 0.2875 0.12656250000000002 0.017187500000000015 0.1265625 0.01718750000000002 0.17031250000000003 0.2875 0.17031250000000003
1 0.2921875000000001 0.815625 0.24375000000000008 0.815625 0.24375000000000008 1 0.2921875000000001 1
2 0.8890625 0.5359375000000001 0.3046875000000001 0.5359375 0.3046875000000001 0.996875 0.8890625 0.996875
1 0.90625 0.47343750000000007 0.5671875 0.4734375 0.5671875 0.4953125000000001 0.90625 0.49531250000000016
1 0.3062500000000001 0.8234375 0.0031250000000001012 0.8234375 0.0031250000000001025 0.85 0.3062500000000001 0.85
4 0.4125 0.4265625 0.31718750000000007 0.4265625 0.31718750000000007 0.5078125 0.4125 0.5078125
4 0.5484375 0.40625 0.490625 0.40625 0.490625 0.453125 0.5484375 0.453125
4 0.46562500000000007 0.5125 0.2906250000000001 0.5125 0.2906250000000001 0.771875 0.4656250000000002 0.771875
1 0.921875 0.010937500000000057 1.3394574365674175e-18 0.0109375 1.61691647699924e-17 0.25312500000000004 0.921875 0.2531250000000001