1 0.9984375 0.35625000000000007 0.228125 0.35625 0.22812500000000005 0.9984375 0.9984375 0.9984375
1 0.6468750000000001 0.665625 0.2375000000000001 0.665625 0.2375000000000001 1 0.6468750000000002 1
1 0.9890625 0.3593750000000001 0.6125 0.3593750000000001 0.6125 0.7281250000000001 0.9890625 0.7281250000000001
2 0.8078125 0.55 0.6671875 0.55 0.6671875 0.6625000000000001 0.8078125 0.6625000000000002
3 0.2312500000000001 0.3703125 4.5350201780925416e-17 0.3703125 8.390744084783037e-17 1 0.2312500000000001 1
2 0.7265625 0.5921875000000001 0.678125 0.5921875 0.678125 0.6453125000000001 0.7265625 0.6453125000000002
1 0.7921875 0.02031250000000009 0.7359375 0.020312500000000087 0.7359375 0.36406250000000007 0.7921875 0.36406250000000007
1 0.2328125000000001 0.5421875 0.11718750000000004 0.5421875 0.11718750000000007 0.715625 0.2328125000000001 0.715625
2 0.7078125 0.609375 0.66875 0.609375 0.66875 0.6578125 0.7078125 0.6578125
1 0.4296875000000001 0.653125 0.2375000000000001 0.653125 0.2375000000000001 0.8625 0.42968750000000017 0.8625
1 0.2171875 0.17343750000000002 0.1671875 0.1734375 0.16718750000000002 0.21875 0.2171875 0.21875
1 0.17968750000000006 0.421875 0.004687500000000051 0.421875 0.00468750000000006 0.5609375 0.17968750000000008 0.5609375
1 0.6015625 0.3984375000000001 0.428125 0.3984375000000001 0.428125 0.5046875 0.6015625 0.5046875
2 0.5328125000000001 0.7703125 0.5015625000000001 0.7703125 0.5015625000000001 0.8265625 0.5328125000000001 0.8265625
1 0.9953125 0.35625000000000007 0.228125 0.35625 0.22812500000000005 0.38125000000000003 0.9953125 0.3812500000000001
1 0.909375 0.1812500000000001 0.8765625 0.18125000000000008 0.8765625 0.2078125000000001 0.909375 0.2078125000000001
1 0.490625 0.13906250000000003 0.378125 0.13906250000000003 0.378125 0.3046875000000001 0.490625 0.3046875000000001
1 0.0953125000000001 0.878125 0.003125000000000107 0.878125 0.0031250000000001095 0.91875 0.0953125000000001 0.91875
1 0.425 0.38125000000000003 0.2234375000000001 0.38125 0.2234375000000001 0.65625 0.425 0.65625
1 0.2296875000000001 0.3640625 0.16250000000000003 0.3640625 0.16250000000000003 0.4265625 0.2296875000000001 0.4265625
1 0.9984375 0.3500000000000001 0.7984375 0.3500000000000001 0.7984375 0.5765625000000002 0.9984375 0.5765625000000002
1 0.75 0.06406250000000009 0.7140625 0.06406250000000009 0.7140625 0.1515625000000001 0.75 0.1515625000000001
2 0.5625000000000002 0.7359375 0.5015625000000001 0.7359375 0.5015625000000001 0.815625 0.5625000000000002 0.815625
1 0.5875 0.5203125 0.4640625 0.5203125 0.4640625 0.60625 0.5875 0.60625
3 0.8140625 0.3609375000000001 0.7046875 0.3609375000000001 0.7046875 0.4515625000000001 0.8140625 0.4515625000000002
1 0.3515625000000001 0.5953125 0.2390625000000001 0.5953125 0.2390625000000001 0.63125 0.3515625000000001 0.63125
2 0.05156250000000007 0.509375 0.0015625000000000625 0.509375 0.0015625000000000651 0.5578125 0.05156250000000007 0.5578125
1 0.8984375 0.4593750000000002 0.8765625 0.4593750000000002 0.8765625 0.4750000000000002 0.8984375 0.4750000000000002
2 0.3687500000000001 0.921875 0.2296875000000001 0.921875 0.2296875000000001 0.9984375 0.3687500000000001 0.9984375
1 0.48125 0.11250000000000004 0.4375 0.11250000000000004 0.4375 0.17187500000000006 0.48125 0.17187500000000006
2 1 0.3515625000000001 0.915625 0.3515625000000001 0.915625 0.47968750000000016 1 0.47968750000000016
1 0.34062500000000007 0.6203125 0.1765625000000001 0.6203125 0.1765625000000001 0.696875 0.34062500000000007 0.696875
1 0.15937500000000004 0.45625 0.13750000000000004 0.45625 0.13750000000000004 0.4765625 0.15937500000000004 0.4765625
1 0.865625 0.46875000000000017 0.8421875 0.46875000000000017 0.8421875 0.48750000000000016 0.865625 0.48750000000000016
1 0.5828125 0.35937500000000006 0.23125 0.359375 0.23125000000000004 0.37500000000000006 0.5828125 0.3750000000000001
1 0.4203125 0.2562500000000001 0.3953125 0.2562500000000001 0.3953125 0.2796875000000001 0.4203125 0.2796875000000001
2 0.8703125 0.5000000000000002 0.8015625 0.5000000000000002 0.8015625 0.5468750000000002 0.8703125 0.5468750000000002
2 0.6171875000000001 0.696875 0.509375 0.696875 0.5093750000000001 0.8046875 0.6171875000000002 0.8046875
1 0.33281250000000007 0.6828125 0.2234375000000001 0.6828125 0.2234375000000001 1 0.33281250000000007 1
1 0.03750000000000007 0.5203125 0.02031250000000006 0.5203125 0.020312500000000063 0.5375 0.03750000000000007 0.5375
1 0.7359375 0.06875000000000009 0.715625 0.06875000000000009 0.715625 0.10468750000000009 0.7359375 0.10468750000000009
1 0.03593750000000003 0.2828125 0.015625000000000035 0.2828125 0.015625000000000035 0.3046875 0.03593750000000003 0.3046875
2 0.3828125000000001 0.9125 0.2953125000000001 0.9125 0.2953125000000001 0.965625 0.3828125000000001 0.965625
1 0.596875 0.30937500000000007 0.578125 0.30937500000000007 0.578125 0.3296875000000001 0.596875 0.3296875000000001
3 1 0.34843750000000007 0.9640625 0.34843750000000007 0.9640625 0.3687500000000001 1 0.3687500000000001
1 0.4265625 0.02031250000000005 0.4015625 0.02031250000000005 0.4015625 0.04531250000000005 0.4265625 0.045312500000000054
1 0.7375 0.55 0.721875 0.55 0.721875 0.5687500000000001 0.7375 0.5687500000000002
1 0.1375 0.015625000000000014 0.1125 0.01562500000000001 0.1125 0.051562500000000025 0.1375 0.051562500000000025
1 0.012500000000000067 0.5296875 6.486801014233636e-17 0.5296875 6.592044098535362e-17 0.546875 0.012500000000000067 0.546875
1 0.23593750000000008 0.4140625 0.2015625000000001 0.4140625 0.2015625000000001 0.65 0.23593750000000008 0.65
1 0.045312500000000054 0.4703125 0.031250000000000056 0.4703125 0.031250000000000056 0.4859375 0.045312500000000054 0.4859375
1 0.9984375 0.01875000000000012 0.971875 0.018750000000000117 0.971875 0.04375000000000012 0.9984375 0.04375000000000012
1 0.43125 0.19687500000000005 0.4140625 0.19687500000000005 0.4140625 0.2171875000000001 0.43125 0.2171875000000001
1 0.8328125 0.1531250000000001 0.81875 0.1531250000000001 0.81875 0.1687500000000001 0.8328125 0.1687500000000001
2 0.01406250000000008 0.6546875 8.017609513167828e-17 0.6546875 8.189825469297925e-17 0.6828125 0.014062500000000084 0.6828125
1 0.051562500000000025 0.109375 0.03437500000000001 0.109375 0.03437500000000001 0.125 0.051562500000000025 0.125
2 0.017187500000000112 0.89375 1.094528076737947e-16 0.89375 1.1040956298562856e-16 0.909375 0.017187500000000112 0.909375