1 0.9796875 0.0015625000000000695 0.1515625 0.0015625000000000187 0.15156250000000007 0.996875 0.9796875 0.996875
1 0.9 0.3671875000000001 0.7046875 0.3671875000000001 0.7046875 0.4921875000000001 0.9 0.49218750000000017
1 0.17968750000000006 0.025000000000000022 0.1484375 0.025000000000000022 0.14843750000000006 0.9828125 0.17968750000000014 0.9828125
2 0.384375 0.16875000000000004 0.265625 0.16875000000000004 0.265625 0.28437500000000004 0.384375 0.2843750000000001
1 0.571875 0.029687500000000044 0.1859375 0.029687500000000023 0.18593750000000003 0.5734375 0.571875 0.5734375
1 0.2578125 0.10781250000000005 0.1953125 0.10781250000000005 0.1953125 0.17968750000000006 0.2578125 0.17968750000000006
1 0.09375000000000004 0.334375 0.028125000000000046 0.334375 0.028125000000000046 0.3828125 0.09375000000000004 0.3828125
1 0.5796875 0.0015625000000000686 0.5453125 0.0015625000000000667 0.5453125 0.05937500000000007 0.5796875 0.05937500000000007
1 0.8859375 0.29375000000000007 0.6015625 0.29375000000000007 0.6015625 0.4156250000000001 0.8859375 0.4156250000000002
1 0.55625 0.08437500000000006 0.4625 0.08437500000000006 0.4625 0.13125000000000006 0.55625 0.1312500000000001
1 0.790625 0.009375000000000088 0.625 0.009375000000000078 0.625 0.10156250000000008 0.790625 0.10156250000000008
3 0.1546875000000001 0.4390625 0.0046875000000000545 0.4390625 0.004687500000000088 1 0.15468750000000014 1
1 0.9609375 0.0031250000000001034 0.725 0.0031250000000000886 0.725 0.11562500000000012 0.9609375 0.11562500000000013
1 0.15000000000000008 0.3171875 0.0062500000000000385 0.3171875 0.006250000000000057 0.60625 0.15000000000000008 0.60625
1 0.56875 5.711829211648202e-17 0.3640625 4.4584797531458325e-17 0.3640625 0.025000000000000057 0.56875 0.025000000000000067
1 0.2078125 0.021875000000000023 0.146875 0.021875000000000016 0.146875 0.13125000000000003 0.2078125 0.13125000000000003
1 0.1390625 0.1 0.09218750000000002 0.1 0.09218750000000002 0.1484375 0.1390625 0.1484375
1 0.165625 0.007812500000000017 0.115625 0.007812500000000014 0.115625 0.165625 0.165625 0.165625
1 0.6906250000000002 0.8296875 0.1703125000000001 0.8296875 0.17031250000000012 0.9921875 0.6906250000000002 0.9921875
2 0.325 0.17343750000000005 0.26875 0.17343750000000005 0.26875 0.225 0.325 0.225
1 0.5953125 0.09843750000000007 0.5609375 0.09843750000000007 0.5609375 0.12500000000000008 0.5953125 0.12500000000000008
1 0.646875 0.009375000000000062 0.365625 0.009375000000000045 0.365625 0.3078125000000001 0.646875 0.3078125000000001
2 0.325 0.15156250000000004 0.2703125 0.15156250000000004 0.2703125 0.19218750000000004 0.325 0.19218750000000004
2 0.15625 0.001562500000000017 0.1203125 0.0015625000000000146 0.1203125 0.03593750000000002 0.15625 0.035937500000000025
1 0.365625 0.14843750000000006 0.2953125 0.14843750000000006 0.2953125 0.20000000000000004 0.365625 0.2000000000000001
1 0.3000000000000001 0.9265625 0.2171875000000001 0.9265625 0.2171875000000001 0.9875 0.3000000000000001 0.9875
1 0.16406250000000006 0.1140625 0.13125 0.1140625 0.13125000000000003 0.596875 0.16406250000000008 0.596875
2 0.21875 0.14062500000000006 0.1828125 0.14062500000000006 0.18281250000000002 0.2078125 0.21875 0.2078125
1 0.3609375000000001 0.6265625 0.3343750000000001 0.6265625 0.3343750000000001 0.64375 0.3609375000000001 0.64375
1 0.3828125 0.023437500000000045 0.359375 0.023437500000000045 0.359375 0.03906250000000004 0.3828125 0.03906250000000004
1 0.2671875000000001 0.446875 0.2453125000000001 0.446875 0.2453125000000001 0.45625 0.2671875000000001 0.45625
1 1 0.0015625000000001207 0.975 0.0015625000000001193 0.975 0.031250000000000125 1 0.031250000000000125
1 0.7390625 0.16562500000000008 0.5 0.16562500000000005 0.5 0.3828125000000001 0.7390625 0.3828125000000001
2 0.9765625 0.32500000000000007 0.9625 0.32500000000000007 0.9625 0.3375000000000001 0.9765625 0.3375000000000001
1 0.5140625000000002 0.8703125 0.4984375000000002 0.8703125 0.4984375000000002 0.8875 0.5140625000000002 0.8875
1 0.1453125 0.04531250000000002 0.128125 0.04531250000000001 0.128125 0.057812500000000024 0.1453125 0.057812500000000024
1 0.203125 0.19218750000000004 0.18750000000000006 0.19218750000000004 0.18750000000000006 0.20625 0.203125 0.20625
1 0.03281250000000001 0.121875 0.015625000000000017 0.121875 0.015625000000000017 0.1359375 0.03281250000000001 0.1359375
1 0.2375000000000001 0.75625 0.21875000000000008 0.75625 0.21875000000000008 0.76875 0.2375000000000001 0.76875