1 0.9984375 0.45781250000000007 5.606586127346476e-17 0.4578125 6.1806393144468e-17 0.5515625000000001 0.9984375 0.5515625000000002
1 0.33906250000000004 3.568697313140334e-17 0.24375 2.985076572921674e-17 0.24375000000000005 0.375 0.3390625000000001 0.375
1 1 0.21093750000000008 0.8125 0.21093750000000008 0.8125 0.4000000000000002 1 0.4000000000000002
1 0.4359375 0.4703125 0.2796875000000001 0.4703125 0.2796875000000001 0.521875 0.4359375 0.521875
1 0.2453125000000001 0.5578125 6.831232926493829e-17 0.5578125 7.874096216392748e-17 0.728125 0.2453125000000001 0.728125
1 0.6546875 0.3312500000000001 0.5546875 0.3312500000000001 0.5546875 0.4171875 0.6546875 0.4171875
1 0.3062500000000001 0.7875 9.644093543285407e-17 0.7875 1.094528076737947e-16 1 0.3062500000000001 1
1 0.5890625 0.023437500000000066 0.4890625 0.023437500000000062 0.4890625 0.11250000000000007 0.5890625 0.11250000000000009
1 0.30625 0.00468750000000002 0.021875 0.004687500000000002 0.021875000000000012 0.19062500000000002 0.30625 0.19062500000000004
1 0.23750000000000004 0.3234375 0.0015625000000000396 0.3234375 0.0015625000000000493 0.4796875 0.2375000000000001 0.4796875
1 0.5 0.425 0.3843750000000001 0.425 0.3843750000000001 0.4734375 0.5 0.4734375
1 0.246875 0.2828125 0.2171875 0.2828125 0.2171875 0.3390625 0.246875 0.3390625
2 0.09062500000000007 0.4625 0.007812500000000056 0.4625 0.007812500000000057 0.4859375 0.09062500000000007 0.4859375