3 0.35625000000000007 0.5953125 0.007812500000000073 0.5953125 0.007812500000000088 0.871875 0.35625000000000007 0.871875
3 0.37031250000000004 0.290625 0.08281250000000004 0.290625 0.08281250000000005 0.53125 0.3703125000000001 0.53125
3 0.13906250000000006 0.290625 0.003125000000000036 0.290625 0.003125000000000052 0.5609375 0.1390625000000001 0.5609375
3 0.5515625 0.29218750000000004 0.271875 0.2921875 0.27187500000000003 0.5359375 0.5515625 0.5359375
4 0.1312500000000001 0.6625 0.05625000000000009 0.6625 0.05625000000000009 0.7328125 0.1312500000000001 0.7328125
3 0.3609375000000001 0.534375 0.21093750000000008 0.534375 0.21093750000000008 0.725 0.3609375000000001 0.725
3 0.11718750000000007 0.515625 0.006250000000000064 0.515625 0.006250000000000072 0.6671875 0.11718750000000008 0.6671875
4 0.7125 0.3609375000000001 0.5421875 0.3609375000000001 0.5421875 0.53125 0.7125 0.53125
4 0.7781250000000001 0.259375 3.1764276352884476e-17 0.259375 7.682745154025974e-17 0.9953125 0.7781250000000002 0.9953125
3 0.12500000000000008 0.6609375 8.094149938114538e-17 0.6609375 9.433607374681956e-17 0.8796875 0.12500000000000008 0.8796875
3 0.2484375000000001 0.51875 0.11250000000000004 0.51875 0.11250000000000007 0.7125 0.2484375000000001 0.7125
3 0.41406250000000017 0.8765625 0.2656250000000001 0.8765625 0.2656250000000001 0.9953125 0.41406250000000017 0.9953125
4 0.7515625 0.27812500000000007 0.6421875 0.27812500000000007 0.6421875 0.3468750000000001 0.7515625 0.3468750000000001
3 0.21406250000000004 0.290625 0.12187500000000004 0.290625 0.12187500000000004 0.5171875 0.2140625000000001 0.5171875
3 0.525 0.5046875 0.35625000000000007 0.5046875 0.35625000000000007 0.6578125 0.525 0.6578125
1 0.07343750000000007 0.46875 0.031250000000000056 0.46875 0.03125000000000006 0.540625 0.07343750000000007 0.540625
1 0.07656250000000005 0.365625 0.035937500000000046 0.365625 0.03593750000000005 0.4359375 0.07656250000000005 0.4359375
1 0.484375 0.3390625000000001 0.428125 0.3390625000000001 0.428125 0.3843750000000001 0.484375 0.3843750000000001
1 0.1781250000000001 0.7203125 0.14843750000000008 0.7203125 0.14843750000000008 0.7671875 0.1781250000000001 0.7671875
1 0.12812500000000007 0.296875 0.10312500000000005 0.296875 0.10312500000000006 0.753125 0.1281250000000001 0.753125
3 0.79375 0.3187500000000001 0.684375 0.3187500000000001 0.684375 0.5937500000000001 0.79375 0.5937500000000002
3 0.68125 0.28593750000000007 0.4859375 0.28593750000000007 0.4859375 0.446875 0.68125 0.446875
1 0.06093750000000011 0.81875 0.0093750000000001 0.81875 0.009375000000000104 0.8859375 0.06093750000000011 0.8859375
3 0.22187500000000004 0.2640625 0.012500000000000034 0.2640625 0.012500000000000042 0.4046875 0.2218750000000001 0.4046875
3 0.696875 0.484375 0.5703125 0.484375 0.5703125 0.6078125 0.696875 0.6078125
4 0.6078125 0.2796875000000001 0.53125 0.2796875000000001 0.53125 0.3125000000000001 0.6078125 0.3125000000000001
3 0.496875 0.3765625000000001 0.4484375 0.3765625000000001 0.4484375 0.4234375 0.496875 0.4234375
1 0.18437500000000012 0.946875 0.07812500000000011 0.946875 0.07812500000000012 1 0.18437500000000012 1
4 0.7125000000000001 0.54375 0.54375 0.54375 0.5437500000000001 0.7640625 0.7125000000000001 0.7640625