4 0.465625 0.471875 0.2828125000000001 0.471875 0.2828125000000001 0.7203125 0.465625 0.7203125
4 0.46875 0.24218750000000006 0.2828125 0.2421875 0.2828125 0.4328125 0.46875 0.4328125
4 0.9421875 0.2656250000000001 0.865625 0.2656250000000001 0.865625 0.3359375000000001 0.9421875 0.3359375000000001
1 0.5734375 0.6234375 0.515625 0.6234375 0.515625 0.6734375 0.5734375 0.6734375
1 0.8140625 0.1390625000000001 0.7203125 0.1390625000000001 0.7203125 0.2578125000000001 0.8140625 0.2578125000000001
1 0.9953125 0.11562500000000013 0.9421875 0.11562500000000013 0.9421875 0.18125000000000013 0.9953125 0.18125000000000013
4 0.6703125 0.3109375000000001 0.6359375 0.3109375000000001 0.6359375 0.3500000000000001 0.6703125 0.3500000000000001
4 0.465625 0.24531250000000004 0.3578125 0.2453125 0.3578125 0.32343750000000004 0.465625 0.3234375000000001
1 0.7859375 8.333338766073005e-17 0.575 7.041719095097281e-17 0.575 0.1546875000000001 0.7859375 0.1546875000000001
1 0.3171875 3.559129760021995e-17 0.2640625 3.2338329539984796e-17 0.2640625 0.303125 0.3171875 0.303125
3 0.30156250000000007 0.3484375 0.20625 0.3484375 0.20625000000000004 0.678125 0.30156250000000007 0.678125
4 0.6765625 0.07031250000000007 0.4359375 0.07031250000000004 0.4359375 0.24375000000000008 0.6765625 0.24375000000000008
2 0.4125000000000001 0.6546875 0.0046875000000000805 0.6546875 0.004687500000000095 0.9 0.4125000000000002 0.9
1 0.746875 8.610797806504827e-17 0.659375 8.075014831877861e-17 0.659375 0.04531250000000008 0.746875 0.04531250000000009
1 0.503125 0.006250000000000057 0.4375 0.006250000000000052 0.4375 0.15312500000000004 0.503125 0.15312500000000004
3 1 0.4781250000000001 0.61875 0.478125 0.6187500000000001 0.753125 1 0.7531250000000002
3 0.290625 0.2125 0.2109375 0.2125 0.21093750000000006 0.4453125 0.2906250000000001 0.4453125
3 0.828125 0.4937500000000002 0.7984375 0.4937500000000002 0.7984375 0.5515625000000002 0.828125 0.5515625000000002
3 0.7828125000000001 0.7359375000000001 0.4750000000000002 0.7359375 0.4750000000000002 0.8640625 0.7828125000000001 0.8640625