1 0.6390625 0.4015625 0.5734375 0.4015625 0.5734375 0.4359375 0.6390625 0.4359375
1 0.7640625 0.3921875000000001 0.69375 0.3921875000000001 0.69375 0.4406250000000001 0.7640625 0.44062500000000016
1 0.6453125 0.3187500000000001 0.575 0.3187500000000001 0.575 0.3656250000000001 0.6453125 0.3656250000000001
1 0.7 0.39531250000000007 0.63125 0.39531250000000007 0.63125 0.4265625 0.7 0.4265625
1 0.9921875 0.06875000000000012 0.9234375 0.06875000000000012 0.9234375 0.14531250000000012 0.9921875 0.14531250000000012
1 0.7046875 0.3078125000000001 0.6390625 0.3078125000000001 0.6390625 0.3531250000000001 0.7046875 0.3531250000000001
1 0.9890625 0.2593750000000001 0.9234375 0.2593750000000001 0.9234375 0.3375000000000001 0.9890625 0.3375000000000001
1 0.88125 0.2250000000000001 0.809375 0.2250000000000001 0.809375 0.2843750000000001 0.88125 0.2843750000000001
1 0.7578125 0.3453125000000001 0.6984375 0.3453125000000001 0.6984375 0.3984375000000001 0.7578125 0.3984375000000001
1 0.7703125 0.2171875000000001 0.7 0.2171875000000001 0.7 0.2718750000000001 0.7703125 0.2718750000000001
3 0.4484375000000001 0.3765625 0.17031250000000003 0.3765625 0.17031250000000006 0.865625 0.44843750000000016 0.865625
1 0.88125 0.06250000000000011 0.8203125 0.06250000000000011 0.8203125 0.10468750000000009 0.88125 0.10468750000000009
1 0.60625 0.16562500000000008 0.546875 0.16562500000000008 0.546875 0.21250000000000008 0.60625 0.21250000000000008
1 0.5046875 0.565625 0.446875 0.565625 0.446875 0.6109375 0.5046875 0.6109375
1 0.7703125 0.07812500000000008 0.7125 0.07812500000000008 0.7125 0.1218750000000001 0.7703125 0.1218750000000001
1 0.5890625 0.3109375000000001 0.5328125 0.3109375000000001 0.5328125 0.3390625000000001 0.5890625 0.3390625000000001
4 0.7890625 0.11875000000000009 0.65625 0.11875000000000009 0.65625 0.1750000000000001 0.7890625 0.1750000000000001
1 0.578125 0.006250000000000068 0.5203125 0.006250000000000064 0.5203125 0.04687500000000007 0.578125 0.04687500000000007
4 0.990625 0.16875000000000012 0.8875 0.1687500000000001 0.8875 0.2453125000000001 0.990625 0.2453125000000001
4 0.3203125000000001 0.3953125 0.2390625000000001 0.3953125 0.2390625000000001 0.46875 0.3203125000000001 0.46875
4 0.83125 0.0968750000000001 0.7625 0.09687500000000009 0.7625 0.1359375000000001 0.83125 0.1359375000000001