1 0.9984375 0.5156250000000001 6.31458505810354e-17 0.515625 6.754692501547121e-17 0.5875000000000001 0.9984375 0.5875000000000001
1 0.46875 0.51875 0.003125000000000064 0.51875 0.003125000000000066 0.55 0.46875 0.55
1 0.6859375 0.14375000000000007 0.425 0.14375000000000004 0.425 0.2812500000000001 0.6859375 0.2812500000000001
1 0.621875 0.43125 0.5390625 0.43125 0.5390625 0.4859375 0.621875 0.4859375
1 0.9875 0.43281250000000016 0.853125 0.43281250000000016 0.853125 0.5187500000000002 0.9875 0.5187500000000002
1 0.41875 0.27968750000000003 0.3421875 0.2796875 0.3421875 0.32812500000000006 0.41875 0.3281250000000001
1 0.26875000000000004 0.246875 0.029687500000000033 0.246875 0.02968750000000004 0.40625 0.2687500000000001 0.40625
1 0.8265625 0.1218750000000001 0.7546875 0.1218750000000001 0.7546875 0.18125000000000008 0.8265625 0.18125000000000008
1 0.2375 0.020312500000000018 0.0984375 0.02031250000000001 0.09843750000000001 0.209375 0.2375 0.209375
1 0.4421875 0.01562500000000005 0.3359375 0.015625000000000038 0.3359375 0.08281250000000004 0.4421875 0.08281250000000004
1 0.15000000000000002 0.1265625 0.09687500000000002 0.1265625 0.09687500000000002 0.2 0.15000000000000005 0.2
1 1 0.1328125000000001 0.7828125 0.13281250000000008 0.7828125 0.31718750000000007 1 0.31718750000000007
1 0.4546875 0.5671875 0.2078125000000001 0.5671875 0.2078125000000001 0.70625 0.4546875 0.70625
1 0.07500000000000004 0.3015625 0.009375000000000036 0.3015625 0.00937500000000004 0.3671875 0.07500000000000004 0.3671875
1 0.240625 0.03125000000000003 0.1765625 0.03125000000000002 0.1765625 0.09218750000000002 0.240625 0.09218750000000002
1 0.1515625 0.06406250000000001 7.845393557037732e-18 0.0640625 1.042863289898918e-17 0.10625 0.1515625 0.10625
1 0.51875 0.12812500000000004 0.4890625 0.12812500000000004 0.4890625 0.15625000000000006 0.51875 0.15625000000000006
1 0.8203125 0.3765625000000001 0.4875 0.3765625000000001 0.4875 0.4703125000000001 0.8203125 0.4703125000000002
1 0.2406250000000001 0.565625 0.004687500000000069 0.565625 0.00468750000000008 0.73125 0.2406250000000001 0.73125
1 0.3140625 0.03125000000000003 0.178125 0.03125000000000002 0.178125 0.13437500000000002 0.3140625 0.13437500000000005
2 0.10156250000000004 0.3765625 0.025000000000000043 0.3765625 0.02500000000000005 0.453125 0.10156250000000004 0.453125
1 0.3187500000000001 0.884375 0.0015625000000001083 0.884375 0.0015625000000001148 0.99375 0.3187500000000001 0.99375
1 0.7906250000000001 0.7531250000000002 0.7437500000000001 0.7531250000000002 0.7437500000000001 0.8328125 0.7906250000000001 0.8328125
1 0.6578125000000001 0.85 0.6078125000000002 0.85 0.6078125000000002 0.88125 0.6578125000000001 0.88125
1 0.996875 0.04531250000000012 0.884375 0.04531250000000011 0.884375 0.11406250000000011 0.996875 0.11406250000000014
1 0.5562500000000001 0.896875 0.37968750000000007 0.896875 0.37968750000000007 0.9921875 0.5562500000000001 0.9921875
1 0.815625 0.5843750000000001 0.5296875 0.584375 0.5296875 0.6937500000000001 0.815625 0.6937500000000002