1 0.3375000000000001 0.43125 0.2875000000000001 0.43125 0.2875000000000001 0.8265625 0.3375000000000001 0.8265625
1 0.6046875 7.11825952004399e-17 0.5578125 6.831232926493829e-17 0.5578125 0.1437500000000001 0.6046875 0.1437500000000001
0 0.9921875 0.006250000000000061 0.0015625000000000007 0.00625 0.001562500000000061 0.9921875 0.9921875 0.9921875
4 0.653125 0.2796875000000001 0.4625 0.2796875000000001 0.4625 0.5046875 0.653125 0.5046875
1 0.615625 6.993881329505588e-17 0.5265625 6.448530801760282e-17 0.5265625 0.3531250000000001 0.615625 0.3531250000000001
4 0.2015625 0.14218750000000002 0.128125 0.1421875 0.12812500000000002 0.2421875 0.2015625 0.2421875
1 0.2531250000000001 0.5828125 0.1921875000000001 0.5828125 0.1921875000000001 0.7984375 0.2531250000000001 0.7984375
4 0.765625 0.0031250000000000813 0.5609375 0.003125000000000068 0.5609375 0.3453125000000001 0.765625 0.3453125000000001
1 0.2609375 0.01562500000000003 0.225 0.015625000000000028 0.225 0.19375000000000003 0.2609375 0.19375000000000003
4 0.3234375000000001 0.846875 0.11250000000000009 0.846875 0.11250000000000011 0.9984375 0.3234375000000001 0.9984375
4 0.22031250000000005 0.14687500000000003 0.08906250000000002 0.146875 0.08906250000000003 0.45 0.22031250000000008 0.45
1 0.3453125000000001 0.3703125 0.16718750000000004 0.3703125 0.16718750000000007 0.6546875 0.3453125000000001 0.6546875
1 0.2296875000000001 0.3875 0.17812500000000003 0.3875 0.17812500000000006 0.678125 0.2296875000000001 0.678125
1 0.4421875 5.109073365192865e-17 0.3921875 4.802911665406026e-17 0.3921875 0.3421875000000001 0.4421875 0.3421875000000001
4 0.8125 0.10781250000000009 0.6578125 0.10781250000000009 0.6578125 0.5515625000000001 0.8125 0.5515625000000002
1 0.5406250000000001 0.6046875 0.2890625000000001 0.6046875 0.2890625000000001 0.8640625 0.5406250000000001 0.8640625
1 0.35625000000000007 0.6234375 0.18906250000000008 0.6234375 0.18906250000000008 0.8484375 0.35625000000000007 0.8484375
2 0.546875 4.91772230282609e-17 0.25625 3.138157422815093e-17 0.25625 0.09843750000000004 0.546875 0.09843750000000007
4 0.13125000000000003 0.2921875 0.001562500000000036 0.2921875 0.0015625000000000489 0.5046875 0.13125000000000003 0.5046875
1 0.75 0.00937500000000009 0.725 0.009375000000000088 0.725 0.10000000000000009 0.75 0.10000000000000009
1 0.15312500000000007 0.4078125 0.00156250000000005 0.4078125 0.001562500000000065 0.653125 0.1531250000000001 0.653125
4 0.13593750000000002 0.1578125 0.0031250000000000193 0.1578125 0.0031250000000000297 0.3265625 0.13593750000000004 0.3265625
1 0.5687500000000002 0.8296875 0.10937500000000008 0.8296875 0.10937500000000008 0.8875 0.5687500000000002 0.8875
4 0.4125 0.01718750000000004 0.2265625 0.01718750000000003 0.2265625 0.20156250000000003 0.4125 0.2015625000000001
1 0.4875 0.56875 0.3156250000000001 0.56875 0.3156250000000001 0.69375 0.4875 0.69375
1 1 0.3687500000000001 0.69375 0.3687500000000001 0.69375 0.4593750000000001 1 0.4593750000000002
1 0.45625 0.321875 0.13125000000000003 0.321875 0.13125000000000003 0.39062500000000006 0.45625 0.3906250000000001
1 0.9640625 0.1953125000000001 0.8546875 0.19531250000000008 0.8546875 0.2984375000000001 0.9640625 0.2984375000000001
1 0.5703125 0.11562500000000006 0.2296875 0.11562500000000005 0.2296875 0.21875000000000006 0.5703125 0.21875000000000008
4 0.565625 0.028125000000000056 0.40625 0.028125000000000046 0.40625 0.12812500000000007 0.565625 0.1281250000000001
1 0.09375000000000004 0.2828125 0.003125000000000035 0.2828125 0.003125000000000041 0.3859375 0.09375000000000004 0.3859375
4 0.27812500000000007 0.2546875 0.10781250000000005 0.2546875 0.10781250000000005 0.378125 0.27812500000000007 0.378125
4 0.1953125000000001 0.859375 0.1468750000000001 0.859375 0.14687500000000012 0.9328125 0.19531250000000014 0.9328125
4 0.1593750000000001 0.859375 0.004687500000000106 0.859375 0.0046875000000001135 0.9953125 0.15937500000000013 0.9953125
1 0.4796875 0.3375 0.246875 0.3375 0.24687500000000004 0.4640625 0.4796875 0.4640625
4 0.5953125 0.28593750000000007 0.496875 0.28593750000000007 0.496875 0.37187500000000007 0.5953125 0.37187500000000007
1 0.678125 0.3515625000000001 0.590625 0.3515625000000001 0.590625 0.37968750000000007 0.678125 0.37968750000000007
4 0.26250000000000007 0.8515625 0.2093750000000001 0.8515625 0.2093750000000001 0.8953125 0.26250000000000007 0.8953125
1 0.9828125 0.006250000000000107 0.7609375 0.006250000000000094 0.7609375 0.16093750000000012 0.9828125 0.16093750000000012
1 0.1875 0.004687500000000017 0.0859375 0.004687500000000011 0.08593750000000001 0.13593750000000002 0.1875 0.13593750000000004
1 0.1359375 8.610797806504827e-18 0.0046875 5.740531871003218e-19 0.004687500000000009 0.1421875 0.1359375 0.1421875
1 0.5125000000000002 0.90625 0.3546875000000001 0.90625 0.3546875000000001 1 0.5125000000000002 1