0 0.996875 0.001562500000000061 0.0015625 0.0015625 0.001562500000000061 0.9953125 0.996875 0.9953125
1 0.778125 0.010937500000000093 0.7421875 0.010937500000000091 0.7421875 0.2000000000000001 0.778125 0.2000000000000001
1 0.4296875 5.07080315271951e-17 0.3984375 4.8794520903527353e-17 0.3984375 0.11875000000000005 0.4296875 0.11875000000000005
1 0.4515625 5.137776024547881e-17 0.3875 4.7455063466959936e-17 0.3875 0.2812500000000001 0.4515625 0.2812500000000001
4 0.5359375 0.27968750000000003 0.35 0.2796875 0.35000000000000003 0.5046875 0.5359375 0.5046875
4 0.5375000000000001 0.684375 0.2406250000000001 0.684375 0.2406250000000001 0.9203125 0.5375000000000002 0.9203125
1 0.8078125 0.004687500000000065 0.2484375 0.00468750000000003 0.2484375 0.353125 0.8078125 0.3531250000000001
1 0.3 3.319940932063528e-17 0.2421875 2.9659414666849956e-17 0.2421875 0.315625 0.3 0.315625
4 0.35625000000000007 0.09531250000000004 0.18125 0.09531250000000002 0.18125000000000005 0.55625 0.35625000000000007 0.55625
4 0.9171875 0.1421875000000001 0.7796875 0.14218750000000008 0.7796875 0.4500000000000002 0.9171875 0.4500000000000002
4 0.3609375000000001 0.8875 0.24375000000000008 0.8875 0.24375000000000008 0.99375 0.3609375000000001 0.99375
1 0.4765625 0.51875 0.2921875000000001 0.51875 0.2921875000000001 0.7140625 0.4765625 0.7140625
1 0.2765625 0.010937500000000032 0.2515625 0.01093750000000003 0.2515625 0.10625000000000004 0.2765625 0.10625000000000004
4 0.4 0.18906250000000005 0.2921875 0.18906250000000005 0.2921875 0.3375 0.4 0.3375000000000001
1 0.32500000000000007 0.3703125 0.0015625000000000452 0.3703125 0.001562500000000051 0.465625 0.32500000000000007 0.465625
2 0.60625 0.007812500000000068 0.4921875 0.00781250000000006 0.4921875 0.07187500000000006 0.60625 0.07187500000000006
4 0.4078125000000001 0.6921875 0.2921875000000001 0.6921875 0.2921875000000001 0.7828125 0.4078125000000002 0.7828125
4 0.34843750000000007 0.7515625 0.24375000000000008 0.7515625 0.24375000000000008 0.8453125 0.34843750000000007 0.8453125
1 0.2640625000000001 0.7640625 0.11250000000000009 0.7640625 0.11250000000000011 0.9265625 0.2640625000000001 0.9265625
1 0.19687500000000002 0.1296875 0.007812500000000017 0.1296875 0.00781250000000003 0.3484375 0.19687500000000005 0.3484375
4 0.5125 0.15625000000000006 0.3734375 0.15625000000000006 0.37343750000000003 0.4046875 0.5125 0.4046875
1 0.759375 7.1947999449907e-17 0.415625 5.089938258956187e-17 0.415625 0.15468750000000006 0.759375 0.1546875000000001
1 0.9125 0.0046875000000001065 0.83125 0.004687500000000101 0.83125 0.12031250000000011 0.9125 0.12031250000000013
1 0.2468750000000001 0.4625 0.021875000000000054 0.4625 0.021875000000000068 0.6609375 0.2468750000000001 0.6609375
1 0.11562500000000005 0.215625 0.05468750000000002 0.215625 0.054687500000000035 0.2875 0.11562500000000005 0.2875
4 1 1.1481063742006435e-16 0.875 1.0715659492539341e-16 0.875 0.14531250000000012 1 0.14531250000000012
4 0.4421875 0.403125 0.28593750000000007 0.403125 0.28593750000000007 0.540625 0.4421875 0.540625
1 0.5859375 0.10781250000000006 0.4421875 0.10781250000000005 0.4421875 0.19062500000000007 0.5859375 0.1906250000000001
1 0.5328125 0.0015625000000000582 0.4171875 0.0015625000000000513 0.4171875 0.06250000000000006 0.5328125 0.06250000000000007
2 0.053125000000000054 0.4171875 0.0031250000000000513 0.4171875 0.003125000000000054 0.459375 0.05312500000000007 0.459375