4 0.7234375 0.34843750000000007 0.4984375 0.34843750000000007 0.4984375 0.5359375 0.7234375 0.5359375
4 0.30937500000000007 0.253125 0.07656250000000002 0.253125 0.07656250000000005 0.5359375 0.30937500000000007 0.5359375
1 0.15312500000000007 0.503125 0.12031250000000004 0.503125 0.12031250000000007 0.6921875 0.1531250000000001 0.6921875
1 0.17187500000000008 0.475 0.10625000000000004 0.475 0.1062500000000001 0.96875 0.17187500000000014 0.96875
4 0.1531250000000001 0.7359375 0.07031250000000008 0.7359375 0.0703125000000001 0.8546875 0.1531250000000001 0.8546875
4 0.509375 0.428125 0.3531250000000001 0.428125 0.3531250000000001 0.5390625 0.509375 0.5390625
4 0.9125 0.1859375000000001 0.434375 0.18593750000000003 0.434375 0.34062500000000007 0.9125 0.34062500000000007
4 0.15468750000000003 0.3890625 0.08437500000000005 0.3890625 0.08437500000000006 0.5390625 0.15468750000000003 0.5390625
4 0.5984375 0.41875 0.5046875 0.41875 0.5046875 0.5234375 0.5984375 0.5234375
1 0.6078125 0.6578125 0.1468750000000001 0.6578125 0.1468750000000001 0.7109375 0.6078125 0.7109375
1 0.65 0.2890625000000001 0.615625 0.2890625000000001 0.615625 0.409375 0.65 0.409375
4 0.6140625 0.3531250000000001 0.509375 0.3531250000000001 0.509375 0.446875 0.6140625 0.446875
1 0.603125 6.965178670150572e-17 0.534375 6.544206332943669e-17 0.534375 0.5171875 0.603125 0.5171875
1 1 0.3968750000000001 0.8765625 0.3968750000000001 0.8765625 0.4390625000000002 1 0.4390625000000002
1 0.3921875000000001 0.6515625 0.14062500000000008 0.6515625 0.14062500000000008 0.81875 0.3921875000000001 0.81875
4 0.2671875 0.2421875 0.12187500000000004 0.2421875 0.12187500000000004 0.353125 0.2671875 0.353125
1 0.3687500000000001 0.4875 0.14218750000000005 0.4875 0.14218750000000008 0.709375 0.3687500000000001 0.709375
4 0.846875 0.3781250000000001 0.66875 0.3781250000000001 0.66875 0.4718750000000001 0.846875 0.47187500000000016
1 0.2140625000000001 0.4859375 0.14062500000000006 0.4859375 0.14062500000000006 0.9015625 0.2140625000000001 0.9015625
4 0.41875 0.28906250000000006 0.3015625 0.2890625 0.30156250000000007 0.4390625 0.41875 0.4390625
1 0.10000000000000006 0.490625 0.00468750000000006 0.490625 0.004687500000000067 0.5984375 0.10000000000000009 0.5984375
1 0.5265625 0.290625 0.3546875 0.290625 0.35468750000000004 0.4421875 0.5265625 0.4421875
4 0.12343750000000005 0.2359375 0.006250000000000028 0.2359375 0.006250000000000035 0.334375 0.12343750000000005 0.334375
1 0.16250000000000012 0.8359375 0.0031250000000001025 0.8359375 0.0031250000000001125 0.9984375 0.16250000000000014 0.9984375
4 0.5953125 0.19375000000000006 0.4375 0.19375000000000003 0.4375 0.30937500000000007 0.5953125 0.30937500000000007
1 0.3625 2.2292398765729166e-17 0.0015625 1.9135106236677395e-19 0.001562500000000007 0.11093750000000002 0.3625 0.11093750000000005
4 0.6453125 0.20468750000000008 0.540625 0.20468750000000008 0.540625 0.32500000000000007 0.6453125 0.32500000000000007
4 0.14843750000000006 0.3 0.10625000000000004 0.3 0.10625000000000004 0.378125 0.14843750000000006 0.378125
2 0.4734375000000002 0.81875 0.1828125000000001 0.81875 0.1828125000000001 0.909375 0.4734375000000002 0.909375
1 0.775 0.004687500000000084 0.5984375 0.0046875000000000736 0.5984375 0.2593750000000001 0.775 0.2593750000000001
2 0.58125 0.004687500000000068 0.5390625 0.004687500000000067 0.5390625 0.050000000000000065 0.58125 0.050000000000000065
1 1 0.04375000000000011 0.8546875 0.0437500000000001 0.8546875 0.22031250000000008 1 0.22031250000000008
4 1 0.3031250000000001 0.94375 0.3031250000000001 0.94375 0.3968750000000001 1 0.3968750000000001
1 0.3265625000000001 0.8734375 0.21875000000000008 0.8734375 0.21875000000000008 0.9640625 0.3265625000000001 0.9640625
1 0.6078125 0.0031250000000000713 0.5515625 0.003125000000000068 0.5515625 0.20312500000000008 0.6078125 0.20312500000000008
1 0.4453125 0.08437500000000005 0.296875 0.08437500000000005 0.296875 0.20000000000000004 0.4453125 0.2000000000000001
4 0.5203125 0.2312500000000001 0.4390625 0.2312500000000001 0.4390625 0.2953125000000001 0.5203125 0.2953125000000001
1 0.515625 0.5359375 0.35625000000000007 0.5359375 0.35625000000000007 0.6859375 0.515625 0.6859375
1 0.7859375 0.050000000000000086 0.7171875 0.050000000000000086 0.7171875 0.10000000000000009 0.7859375 0.10000000000000009