1 0.86875 7.500961644777538e-17 0.35625 4.362804221962446e-17 0.35625000000000007 0.9984375 0.86875 0.9984375
1 0.36718750000000006 0.006250000000000022 0.009375 0.00625 0.00937500000000006 0.9890625 0.3671875000000001 0.9890625
1 0.865625 0.0078125000000001 0.765625 0.007812500000000094 0.765625 0.21093750000000008 0.865625 0.21093750000000008
1 0.6687500000000001 0.4609375 0.40625 0.4609375 0.4062500000000001 0.865625 0.6687500000000002 0.865625
1 0.8609375 0.021875000000000092 0.65 0.02187500000000008 0.65 0.5453125000000001 0.8609375 0.5453125000000002
1 0.6578125000000001 0.684375 0.3593750000000001 0.684375 0.3593750000000001 1 0.6578125000000001 1
2 0.7125 0.3078125000000001 0.684375 0.3078125000000001 0.684375 0.3703125000000001 0.7125 0.3703125000000001
1 0.7234375 0.2562500000000001 0.646875 0.2562500000000001 0.646875 0.5359375 0.7234375 0.5359375
1 0.840625 0.1937500000000001 0.721875 0.1937500000000001 0.721875 0.28593750000000007 0.840625 0.28593750000000007
2 0.759375 0.2406250000000001 0.7140625 0.2406250000000001 0.7140625 0.3078125000000001 0.759375 0.3078125000000001
2 0.8015625 0.0015625000000000957 0.7671875 0.0015625000000000938 0.7671875 0.07343750000000009 0.8015625 0.07343750000000009
2 0.759375 0.24218750000000008 0.740625 0.24218750000000008 0.740625 0.2765625000000001 0.759375 0.2765625000000001
1 0.48125 0.24218750000000006 0.359375 0.2421875 0.359375 0.35781250000000003 0.48125 0.3578125000000001
1 0.35625000000000007 0.2640625 0.16250000000000003 0.2640625 0.16250000000000003 0.41875 0.35625000000000007 0.41875
1 0.315625 0.00156250000000002 0.009375 0.0015625000000000014 0.009375000000000008 0.1453125 0.315625 0.14531250000000004
1 0.36875 4.3915068813174614e-17 0.3484375 4.267128690779059e-17 0.3484375 0.20625000000000004 0.36875 0.2062500000000001
1 0.6609375 7.453123879185845e-17 0.55625 6.812097820257152e-17 0.55625 0.10781250000000009 0.6609375 0.10781250000000009
1 0.446875 0.01250000000000005 0.346875 0.012500000000000044 0.346875 0.32343750000000004 0.446875 0.3234375000000001
1 0.6109375 5.855342508423283e-17 0.3453125 4.228858478305704e-17 0.3453125 0.21250000000000005 0.6109375 0.21250000000000008
3 0.26406250000000003 0.2125 0.010937500000000025 0.2125 0.010937500000000044 0.51875 0.2640625000000001 0.51875
1 0.6015625 0.2906250000000001 0.39375 0.2906250000000001 0.39375000000000004 0.540625 0.6015625 0.540625
3 1 0.11250000000000011 0.8671875 0.11250000000000009 0.8671875 0.42968750000000017 1 0.42968750000000017
2 0.740625 0.2812500000000001 0.7109375 0.2812500000000001 0.7109375 0.3109375000000001 0.740625 0.3109375000000001
2 0.6984375 0.3468750000000001 0.6828125 0.3468750000000001 0.6828125 0.3656250000000001 0.6984375 0.3656250000000001
1 0.5390625 0.37187500000000007 0.525 0.37187500000000007 0.525 0.3859375000000001 0.5390625 0.3859375000000001
2 0.6125 0.6453125 0.596875 0.6453125 0.596875 0.6671875 0.6125 0.6671875
3 1 0.0015625000000001118 0.8265625 0.0015625000000001014 0.8265625 0.2093750000000001 1 0.2093750000000001
2 0.8015625 0.0015625000000000968 0.7828125 0.0015625000000000957 0.7828125 0.021875000000000096 0.8015625 0.0218750000000001
2 0.16875000000000012 0.9703125 0.12031250000000013 0.9703125 0.12031250000000013 0.9859375 0.16875000000000012 0.9859375