1 0.9953125 0.5062500000000001 0.012500000000000061 0.50625 0.012500000000000063 0.534375 0.9953125 0.5343750000000002
1 0.978125 0.20468750000000005 0.004687500000000025 0.2046875 0.0046875000000000284 0.25625000000000003 0.978125 0.2562500000000001
1 0.63125 0.3593750000000001 0.590625 0.3593750000000001 0.590625 0.3812500000000001 0.63125 0.3812500000000001
1 0.990625 0.5078125000000001 0.45625 0.5078125 0.45625 0.5765625000000001 0.990625 0.5765625000000002
1 0.48125 0.415625 0.4203125 0.415625 0.4203125 0.4484375 0.48125 0.4484375
1 0.54375 0.403125 0.3906250000000001 0.403125 0.3906250000000001 0.45625 0.54375 0.45625
1 0.6843750000000001 0.603125 0.59375 0.603125 0.5937500000000001 0.84375 0.6843750000000002 0.84375
1 0.9078125 0.3968750000000001 0.8453125 0.3968750000000001 0.8453125 0.4125000000000002 0.9078125 0.4125000000000002
1 0.7109375 0.39531250000000007 0.61875 0.39531250000000007 0.61875 0.446875 0.7109375 0.446875
1 0.6796875 0.5828125 0.453125 0.5828125 0.453125 0.6921875 0.6796875 0.6921875
1 0.34843750000000007 0.3515625 0.14843750000000006 0.3515625 0.14843750000000006 0.471875 0.34843750000000007 0.471875
1 0.6968750000000001 0.5921875 0.5046875 0.5921875 0.5046875000000001 0.99375 0.6968750000000001 0.99375
1 0.9875 0.6328125000000002 0.828125 0.6328125000000002 0.828125 0.6937500000000002 0.9875 0.6937500000000002
1 0.4296875 0.5046875 0.023437500000000062 0.5046875 0.023437500000000062 0.525 0.4296875 0.525
1 0.496875 0.23125000000000004 0.2453125 0.23125 0.24531250000000004 0.38125000000000003 0.496875 0.3812500000000001
1 0.3750000000000001 0.55625 0.025000000000000067 0.55625 0.02500000000000007 0.634375 0.3750000000000001 0.634375
1 0.5203125000000002 0.7421875 0.2296875000000001 0.7421875 0.2296875000000001 0.9203125 0.5203125000000002 0.9203125
1 0.64375 0.696875 0.4734375 0.696875 0.47343750000000007 0.80625 0.6437500000000002 0.80625
1 1 0.3578125000000001 0.825 0.3578125000000001 0.825 0.4578125000000002 1 0.4578125000000002
1 0.9921875 0.6218750000000001 0.5671875 0.621875 0.5671875000000001 0.9109375 0.9921875 0.9109375
1 1 0.22031250000000008 0.846875 0.22031250000000008 0.846875 0.3109375000000001 1 0.3109375000000001
1 0.2015625000000001 0.38125 0.006250000000000047 0.38125 0.006250000000000052 0.46875 0.2015625000000001 0.46875
2 0.7265625 0.503125 0.475 0.503125 0.475 0.5218750000000001 0.7265625 0.5218750000000002
1 1 0.5781250000000001 0.49375 0.578125 0.49375 0.6515625 1 0.6515625000000002
1 0.5796875000000001 0.8296875 0.0140625000000001 0.8296875 0.014062500000000111 1 0.5796875000000001 1
2 0.665625 0.2390625000000001 0.584375 0.2390625000000001 0.584375 0.2984375000000001 0.665625 0.2984375000000001
1 1 0.4359375000000001 0.65625 0.4359375 0.65625 0.5109375 1 0.5109375000000002
1 0.575 0.17968750000000006 0.5390625 0.17968750000000006 0.5390625 0.19531250000000006 0.575 0.19531250000000008
1 0.6796875 0.2875000000000001 0.6390625 0.2875000000000001 0.6390625 0.3921875000000001 0.6796875 0.3921875000000001
1 0.4828125 0.521875 0.007812500000000064 0.521875 0.007812500000000066 0.54375 0.4828125 0.54375
1 0.13281250000000006 0.2375 0.010937500000000027 0.2375 0.010937500000000037 0.38125 0.13281250000000006 0.38125
2 0.17812500000000003 0.5046875 0.03750000000000007 0.5046875 0.03750000000000007 0.521875 0.17812500000000003 0.521875
1 0.2984375 0.2359375 0.004687500000000029 0.2359375 0.004687500000000033 0.3 0.2984375 0.3
1 0.7625 0.5312500000000001 0.23437500000000008 0.53125 0.23437500000000008 0.5468750000000001 0.7625 0.5468750000000002
1 0.471875 0.0015625000000000409 0.196875 0.0015625000000000244 0.196875 0.12187500000000004 0.471875 0.12187500000000004