4 0.5578125 0.07031250000000004 0.153125 0.07031250000000003 0.15312500000000004 0.675 0.5578125 0.675
4 0.39531250000000007 0.07656250000000003 0.203125 0.07656250000000002 0.20312500000000006 0.403125 0.39531250000000007 0.403125
4 0.5515625 0.08281250000000005 0.390625 0.08281250000000004 0.39062500000000006 0.4546875 0.5515625 0.4546875
3 0.628125 0.625 0.0062500000000000775 0.625 0.0062500000000001 0.990625 0.6281250000000002 0.990625
1 1 0.009375000000000107 0.7515625 0.009375000000000092 0.7515625 0.3656250000000001 1 0.3656250000000001
3 0.17343750000000008 0.2046875 0.003125000000000025 0.2046875 0.0031250000000000457 0.5484375 0.17343750000000008 0.5484375
1 0.15312500000000004 0.30625 0.00937500000000004 0.30625 0.009375000000000043 0.3875 0.15312500000000004 0.3875
4 0.178125 0.0015625000000000163 0.0921875 0.0015625000000000111 0.0921875 0.1140625 0.178125 0.1140625
1 0.4078125 0.38125000000000003 0.15468750000000003 0.38125 0.15468750000000003 0.5359375 0.4078125 0.5359375
3 0.2515625 0.014062500000000016 1.7221595613009655e-18 0.0140625 6.132801548855105e-17 0.9875 0.2515625000000001 0.9875
4 0.25000000000000006 0.2625 0.14531250000000004 0.2625 0.14531250000000004 0.4390625 0.2500000000000001 0.4390625
1 0.253125 0.12343750000000002 0.1171875 0.1234375 0.11718750000000003 0.234375 0.253125 0.234375
1 0.18125000000000005 0.234375 0.07656250000000002 0.234375 0.07656250000000003 0.30625 0.18125000000000005 0.30625
1 0.8203125 0.026562500000000093 0.7609375 0.02656250000000009 0.7609375 0.3296875000000001 0.8203125 0.3296875000000001
4 0.7890625 0.015625000000000087 0.640625 0.015625000000000076 0.640625 0.1468750000000001 0.7890625 0.1468750000000001
1 0.13593750000000002 0.15625 1.9135106236677395e-17 0.15625 2.3918882795846743e-17 0.234375 0.13593750000000004 0.234375
1 0.37968750000000007 0.53125 0.24218750000000008 0.53125 0.24218750000000008 0.603125 0.37968750000000007 0.603125
1 0.671875 0.017187500000000074 0.534375 0.017187500000000067 0.534375 0.10468750000000007 0.671875 0.10468750000000009
1 0.9953125 0.04062500000000011 0.8578125 0.0406250000000001 0.8578125 0.17656250000000012 0.9953125 0.17656250000000012
4 0.746875 0.2921875000000001 0.63125 0.2921875000000001 0.63125 0.3578125000000001 0.746875 0.3578125000000001
4 0.2390625 0.0015625000000000235 0.1453125 0.001562500000000018 0.1453125 0.11562500000000002 0.2390625 0.11562500000000005
1 0.3500000000000001 0.6875 0.1984375000000001 0.6875 0.1984375000000001 0.8234375 0.3500000000000001 0.8234375
1 0.73125 0.2312500000000001 0.584375 0.2312500000000001 0.584375 0.3031250000000001 0.73125 0.3031250000000001
4 0.37187500000000007 0.22968750000000004 0.2859375 0.2296875 0.28593750000000007 0.5515625 0.37187500000000007 0.5515625
1 0.08750000000000004 0.23125 0.006250000000000028 0.23125 0.006250000000000033 0.30625 0.08750000000000005 0.30625
4 0.83125 0.0796875000000001 0.68125 0.07968750000000009 0.68125 0.5359375000000001 0.83125 0.5359375000000002
1 0.7203125 0.007812500000000073 0.4796875 0.007812500000000059 0.4796875 0.19375000000000006 0.7203125 0.1937500000000001
4 0.915625 0.32500000000000007 0.7484375 0.32500000000000007 0.7484375 0.47187500000000016 0.915625 0.47187500000000016
4 0.5484375 0.01093750000000006 0.43125 0.010937500000000053 0.43125 0.07968750000000005 0.5484375 0.07968750000000006
4 0.06875000000000009 0.653125 0.0015625000000000799 0.653125 0.0015625000000000868 0.765625 0.06875000000000009 0.765625
4 0.10625 0.09843750000000001 0.004687500000000013 0.0984375 0.004687500000000017 0.1765625 0.10625 0.1765625
4 0.403125 0.02968750000000004 0.284375 0.029687500000000033 0.284375 0.10000000000000005 0.403125 0.10000000000000005
4 0.09375000000000001 0.0421875 0.0015625000000000049 0.0421875 0.0015625000000000088 0.1015625 0.09375000000000003 0.1015625
1 0.84375 0.004687500000000098 0.759375 0.004687500000000093 0.759375 0.0531250000000001 0.84375 0.05312500000000011