1 0.996875 6.113666442618428e-17 0.0015625 1.9135106236677395e-19 0.001562500000000061 0.996875 0.996875 0.996875
4 0.940625 0.1453125000000001 0.38125 0.14531250000000004 0.38125000000000003 0.55 0.940625 0.5500000000000002
3 0.4203125000000001 0.6515625 0.003125000000000079 0.6515625 0.0031250000000001 0.990625 0.4203125000000002 0.990625
1 0.36875 0.010937500000000022 0.009375 0.0109375 0.009375000000000033 0.525 0.3687500000000001 0.525
4 0.8890625 0.11718750000000008 0.7703125 0.11718750000000008 0.7703125 0.2375000000000001 0.8890625 0.2375000000000001
1 0.3671875 0.04218750000000003 0.2078125 0.042187500000000024 0.2078125 0.23750000000000004 0.3671875 0.2375000000000001
1 0.37812500000000004 0.00312500000000004 0.2875 0.003125000000000035 0.28750000000000003 0.653125 0.3781250000000001 0.653125
4 0.634375 0.15937500000000007 0.4671875 0.15937500000000004 0.4671875 0.3656250000000001 0.634375 0.3656250000000001
1 0.5921875 0.020312500000000067 0.4875 0.02031250000000006 0.4875 0.14531250000000007 0.5921875 0.1453125000000001
4 0.9203125 0.2250000000000001 0.628125 0.2250000000000001 0.628125 0.3859375000000001 0.9203125 0.3859375000000001
4 0.16718750000000007 0.5109375 0.050000000000000065 0.5109375 0.05000000000000008 0.6484375 0.1671875000000001 0.6484375
1 0.2015625000000001 0.65625 0.0671875000000001 0.65625 0.0671875000000001 0.8640625 0.2015625000000001 0.8640625
1 0.428125 0.03437500000000005 0.3765625 0.034375000000000044 0.3765625 0.6796875 0.428125 0.6796875
4 1 0.08906250000000013 0.8875 0.08906250000000011 0.8875 0.1750000000000001 1 0.17500000000000013
4 0.4140625000000001 0.659375 0.2640625000000001 0.659375 0.2640625000000001 0.8390625 0.41406250000000017 0.8390625
4 0.46875 0.007812500000000052 0.365625 0.007812500000000045 0.365625 0.11406250000000004 0.46875 0.11406250000000004
4 0.975 0.21250000000000008 0.884375 0.21250000000000008 0.884375 0.3046875000000001 0.975 0.3046875000000001
1 0.70625 0.01093750000000008 0.6203125 0.010937500000000076 0.6203125 0.1546875000000001 0.70625 0.1546875000000001
4 0.09062500000000004 0.1609375 0.00468750000000002 0.1609375 0.0046875000000000284 0.3015625 0.09062500000000004 0.3015625
4 0.740625 0.14062500000000008 0.58125 0.14062500000000008 0.58125 0.2453125000000001 0.740625 0.2453125000000001
4 0.228125 0.00468750000000002 0.0984375 0.004687500000000013 0.09843750000000001 0.12656250000000002 0.228125 0.12656250000000005
4 0.8234375 0.20468750000000008 0.690625 0.20468750000000008 0.690625 0.2984375000000001 0.8234375 0.2984375000000001
4 0.2125 0.10625000000000002 0.08593750000000003 0.10625 0.08593750000000003 0.18593750000000003 0.2125 0.18593750000000003
4 0.575 0.434375 0.4796875 0.434375 0.4796875 0.5140625 0.575 0.5140625
4 0.21562500000000004 0.3578125 0.08437500000000005 0.3578125 0.08437500000000005 0.428125 0.2156250000000001 0.428125
4 0.53125 0.29375000000000007 0.4546875 0.29375000000000007 0.4546875 0.34843750000000007 0.53125 0.34843750000000007
1 0.7734375 0.08593750000000008 0.6921875 0.08593750000000008 0.6921875 0.1859375000000001 0.7734375 0.1859375000000001
1 0.490625 0.10625000000000004 0.4046875 0.10625000000000004 0.4046875 0.2375000000000001 0.490625 0.2375000000000001
1 0.21093750000000006 0.209375 0.07031250000000003 0.209375 0.07031250000000003 0.3640625 0.21093750000000008 0.3640625
4 0.1734375000000001 0.84375 0.06093750000000011 0.84375 0.06093750000000011 0.9421875 0.17343750000000013 0.9421875
1 0.41875 0.017187500000000046 0.3453125 0.017187500000000043 0.3453125 0.32656250000000003 0.41875 0.3265625000000001
4 0.09218750000000005 0.309375 0.0015625000000000383 0.309375 0.0015625000000000452 0.4265625 0.09218750000000005 0.4265625
4 0.8453125 0.0015625000000000985 0.7671875 0.0015625000000000938 0.7671875 0.1312500000000001 0.8453125 0.1312500000000001
1 0.06406250000000009 0.6578125 0.0046875000000000805 0.6578125 0.0046875000000000866 0.7578125 0.06406250000000009 0.7578125
4 0.3234375000000001 0.6578125 0.1906250000000001 0.6578125 0.1906250000000001 0.8453125 0.3234375000000001 0.8453125
4 0.7390625 0.2750000000000001 0.60625 0.2750000000000001 0.60625 0.3468750000000001 0.7390625 0.3468750000000001
4 1 0.1578125000000001 0.8796875 0.15781250000000008 0.8796875 0.2390625000000001 1 0.2390625000000001
4 0.09687500000000011 0.884375 0.0015625000000001083 0.884375 0.0015625000000001148 0.9921875 0.09687500000000011 0.9921875
4 0.3546875 0.0031250000000000353 0.221875 0.003125000000000028 0.221875 0.06406250000000004 0.3546875 0.06406250000000005
1 0.775 0.0062500000000000906 0.6953125 0.006250000000000086 0.6953125 0.08593750000000008 0.775 0.08593750000000008
4 0.09375000000000001 0.0062500000000000056 0.0046875000000000016 0.00625 0.00468750000000001 0.1625 0.09375000000000003 0.1625