1 0.9953125 0.0234375000000001 0.6546875 0.023437500000000076 0.6546875 0.4015625000000001 0.9953125 0.40156250000000016
3 0.2078125000000001 0.4265625 0.0031250000000000526 0.4265625 0.003125000000000087 0.990625 0.2078125000000001 0.990625
1 0.4328125 0.007812500000000026 0.00625 0.0078125 0.006250000000000022 0.36406250000000007 0.4328125 0.36406250000000007
3 0.42656250000000007 0.4390625 0.15312500000000004 0.4390625 0.15312500000000007 0.8125 0.4265625000000002 0.8125
1 0.14218750000000008 0.4875 0.006250000000000061 0.4875 0.006250000000000066 0.596875 0.14218750000000008 0.596875
1 0.8765625 0.0750000000000001 0.6578125 0.0750000000000001 0.6578125 0.20312500000000008 0.8765625 0.20312500000000008
4 0.31718750000000007 0.7609375 0.12500000000000008 0.7609375 0.12500000000000008 0.8890625 0.31718750000000007 0.8890625
1 0.85 0.26250000000000007 0.6609375 0.26250000000000007 0.6609375 0.4046875000000001 0.85 0.4046875000000002
1 0.15625000000000008 0.6140625 0.007812500000000075 0.6140625 0.00781250000000008 0.6984375 0.15625000000000008 0.6984375
1 0.13593750000000002 0.09843750000000001 0.006250000000000011 0.0984375 0.006250000000000019 0.2296875 0.13593750000000004 0.2296875
4 0.32500000000000007 0.4671875 0.15312500000000004 0.4671875 0.15312500000000007 0.6203125 0.32500000000000007 0.6203125
4 0.12031250000000004 0.365625 0.006250000000000045 0.365625 0.00625000000000005 0.4625 0.12031250000000004 0.4625
1 0.22968750000000004 0.2125 0.03281250000000002 0.2125 0.032812500000000036 0.3671875 0.2296875000000001 0.3671875
1 0.6453125 0.2218750000000001 0.5 0.2218750000000001 0.5 0.3625000000000001 0.6453125 0.3625000000000001
4 0.36875 0.07500000000000004 0.20625 0.07500000000000002 0.20625 0.20781250000000004 0.36875 0.2078125000000001
1 0.9375 0.0625000000000001 0.7921875 0.06250000000000008 0.7921875 0.1906250000000001 0.9375 0.19062500000000013
4 0.19062500000000002 0.08750000000000002 0.10625 0.08750000000000002 0.10625000000000002 0.2125 0.19062500000000004 0.2125
1 0.1359375000000001 0.7625 0.003125000000000093 0.7625 0.0031250000000000978 0.84375 0.1359375000000001 0.84375
4 0.65625 0.04687500000000007 0.509375 0.04687500000000007 0.509375 0.16250000000000006 0.65625 0.1625000000000001
1 0.3140625 0.004687500000000029 0.1546875 0.00468750000000002 0.1546875 0.08906250000000003 0.3140625 0.08906250000000004
1 0.6453125 0.14531250000000007 0.503125 0.14531250000000004 0.503125 0.21875000000000008 0.6453125 0.21875000000000008
1 0.2390625000000001 0.40625 0.10156250000000004 0.40625 0.10156250000000004 0.4796875 0.2390625000000001 0.4796875
1 0.6609375 0.4 0.528125 0.4 0.528125 0.4875 0.6609375 0.4875
1 0.0906250000000001 0.6921875 0.007812500000000087 0.6921875 0.00781250000000009 0.7703125 0.0906250000000001 0.7703125
1 0.69375 0.3921875000000001 0.6328125 0.3921875000000001 0.6328125 0.528125 0.69375 0.528125
4 0.3515625000000001 0.45 0.29375000000000007 0.45 0.29375000000000007 0.5359375 0.3515625000000001 0.5359375
4 0.09687500000000011 0.89375 0.0015625000000001096 0.89375 0.0015625000000001141 0.96875 0.09687500000000011 0.96875
1 0.6921875 0.3765625 0.08125000000000004 0.3765625 0.08125000000000004 0.421875 0.6921875 0.421875
1 0.875 0.04062500000000009 0.6625 0.04062500000000008 0.6625 0.11562500000000009 0.875 0.11562500000000009
1 0.4203125 0.5484375 0.2812500000000001 0.5484375 0.2812500000000001 0.63125 0.4203125 0.63125
4 0.4859375 0.4046875 0.3062500000000001 0.4046875 0.3062500000000001 0.6 0.4859375 0.6
4 0.23437500000000008 0.609375 0.14843750000000008 0.609375 0.14843750000000008 0.728125 0.23437500000000008 0.728125
4 0.08906250000000003 0.2171875 0.003125000000000026 0.2171875 0.003125000000000034 0.3453125 0.08906250000000004 0.3453125
4 0.6640625 0.004687500000000075 0.5625 0.004687500000000069 0.5625 0.08437500000000007 0.6640625 0.08437500000000009