4 0.55 0.5265625 0.12500000000000006 0.5265625 0.12500000000000006 0.8765625 0.5500000000000002 0.8765625
1 0.996875 0.001562500000000061 0.0015625 0.0015625 0.001562500000000061 0.996875 0.996875 0.996875
1 0.5093750000000001 0.02968750000000005 0.2609375 0.029687500000000033 0.26093750000000004 0.9921875 0.5093750000000001 0.9921875
2 0.2062500000000001 0.6125 7.500961644777538e-17 0.6125 9.84501215877052e-17 0.9953125 0.2062500000000001 0.9953125
1 0.4015625 0.26875000000000004 0.346875 0.26875 0.34687500000000004 0.571875 0.4015625 0.571875
1 0.4109375 0.012500000000000048 0.3546875 0.012500000000000044 0.3546875 0.18437500000000004 0.4109375 0.18437500000000004
4 0.3828125000000001 0.56875 0.26250000000000007 0.56875 0.26250000000000007 0.646875 0.3828125000000001 0.646875
1 0.2500000000000001 0.38125 0.12187500000000004 0.38125 0.1218750000000001 0.9921875 0.2500000000000001 0.9921875
4 0.3593750000000001 0.7578125 0.2593750000000001 0.7578125 0.2593750000000001 0.8640625 0.3593750000000001 0.8640625
4 0.2671875000000001 0.5359375 0.18906250000000005 0.5359375 0.18906250000000008 0.6203125 0.2671875000000001 0.6203125
4 0.30156250000000007 0.6265625 0.19531250000000008 0.6265625 0.19531250000000008 0.696875 0.30156250000000007 0.696875
4 0.3343750000000001 0.6265625 0.1375000000000001 0.6265625 0.1375000000000001 0.765625 0.3343750000000001 0.765625
4 0.20312500000000008 0.68125 0.12656250000000008 0.68125 0.12656250000000008 0.7609375 0.20312500000000008 0.7609375
1 0.8265625 7.54879941036923e-17 0.40625 4.975127621536122e-17 0.40625 0.37968750000000007 0.8265625 0.37968750000000007
1 0.5734375 0.15937500000000007 0.5390625 0.15937500000000004 0.5390625 0.30156250000000007 0.5734375 0.30156250000000007
4 0.828125 0.2765625000000001 0.5984375 0.2765625000000001 0.5984375 0.5546875000000001 0.828125 0.5546875000000002
1 0.18125000000000002 0.004687500000000019 0.121875 0.0046875000000000154 0.12187500000000002 0.2390625 0.18125000000000005 0.2390625
4 0.3859375000000001 0.628125 0.2953125000000001 0.628125 0.2953125000000001 0.696875 0.3859375000000001 0.696875
4 0.11718750000000011 0.89375 0.0015625000000001096 0.89375 0.0015625000000001159 1 0.11718750000000014 1
2 0.34062500000000007 0.9125 0.006250000000000111 0.9125 0.006250000000000117 1 0.34062500000000007 1
4 0.553125 0.31718750000000007 0.409375 0.31718750000000007 0.409375 0.559375 0.553125 0.559375
1 0.4609375 0.009375000000000048 0.3484375 0.009375000000000041 0.34843750000000007 0.5828125 0.4609375 0.5828125
4 1 0.2000000000000001 0.8375 0.2000000000000001 0.8375 0.45312500000000017 1 0.45312500000000017
1 0.0921875000000001 0.8109375 0.0031250000000001 0.8109375 0.0031250000000001047 0.896875 0.09218750000000012 0.896875
1 0.11875000000000009 0.6125 0.0031250000000000748 0.6125 0.0031250000000000782 0.671875 0.11875000000000009 0.671875
4 0.2625 0.2109375 0.12187500000000004 0.2109375 0.12187500000000004 0.3109375 0.2625 0.3109375
4 0.22656250000000008 0.584375 0.1828125000000001 0.584375 0.1828125000000001 0.615625 0.22656250000000008 0.615625
1 0.9984375 0.0031250000000001116 0.8328125 0.0031250000000001012 0.8328125 0.2312500000000001 0.9984375 0.2312500000000001