1 0.9703125 0.01093750000000006 1.3394574365674175e-18 0.0109375 6.151936655091782e-17 0.99375 0.9703125 0.99375
1 0.4984375000000002 0.76875 0.37968750000000007 0.76875 0.37968750000000007 0.85625 0.4984375000000002 0.85625
1 0.69375 0.11718750000000008 0.6078125 0.11718750000000008 0.6078125 0.27812500000000007 0.69375 0.27812500000000007
1 0.8015625 0.02343750000000009 0.646875 0.023437500000000076 0.646875 0.1312500000000001 0.8015625 0.1312500000000001
1 0.5000000000000001 0.6734375 0.3781250000000001 0.6734375 0.3781250000000001 0.7734375 0.5000000000000002 0.7734375
1 0.6015625 0.11093750000000006 0.4984375 0.11093750000000005 0.4984375 0.2796875000000001 0.6015625 0.2796875000000001
1 0.7296875 0.12031250000000009 0.659375 0.12031250000000009 0.659375 0.2515625000000001 0.7296875 0.2515625000000001
1 0.3859375000000001 0.7671875 0.2796875000000001 0.7671875 0.2796875000000001 0.8453125 0.3859375000000001 0.8453125
1 0.2484375 0.17343750000000002 0.1453125 0.1734375 0.1453125 0.35625 0.2484375 0.35625
1 0.7921875 0.11562500000000009 0.721875 0.11562500000000009 0.721875 0.1937500000000001 0.7921875 0.1937500000000001
1 0.39531250000000007 0.84375 0.2796875000000001 0.84375 0.2796875000000001 0.9984375 0.39531250000000007 0.9984375
1 0.959375 0.023437500000000104 0.7859375 0.023437500000000094 0.7859375 0.1968750000000001 0.959375 0.19687500000000013
1 0.2796875000000001 0.696875 0.18750000000000008 0.696875 0.18750000000000008 0.796875 0.2796875000000001 0.796875
1 0.2828125000000001 0.634375 0.1609375000000001 0.634375 0.1609375000000001 0.7125 0.2828125000000001 0.7125
1 0.37968750000000007 0.6640625 0.2734375000000001 0.6640625 0.2734375000000001 0.7796875 0.37968750000000007 0.7796875
1 0.36875 0.11406250000000004 0.240625 0.11406250000000004 0.240625 0.25000000000000006 0.36875 0.2500000000000001
1 0.8015625 0.1984375000000001 0.7140625 0.1984375000000001 0.7140625 0.2765625000000001 0.8015625 0.2765625000000001
1 0.5125 0.10937500000000004 0.43125 0.10937500000000004 0.43125 0.2796875000000001 0.5125 0.2796875000000001
3 0.29375000000000007 0.6609375 0.17187500000000008 0.6609375 0.1718750000000001 0.9984375 0.29375000000000007 0.9984375
1 0.4171875 0.02031250000000004 0.21875 0.02031250000000003 0.21875 0.13593750000000004 0.4171875 0.13593750000000004
1 0.63125 0.10000000000000009 0.596875 0.10000000000000009 0.596875 0.465625 0.63125 0.465625
1 0.7828125 0.2218750000000001 0.7671875 0.2218750000000001 0.7671875 0.5156250000000002 0.7828125 0.5156250000000002
1 0.578125 0.31718750000000007 0.4328125 0.31718750000000007 0.4328125 0.5375 0.578125 0.5375
1 0.37968750000000007 0.63125 0.2765625000000001 0.63125 0.2765625000000001 0.7 0.37968750000000007 0.7
1 0.3140625 0.20625 0.2234375 0.20625 0.2234375 0.2984375 0.3140625 0.2984375
1 0.234375 0.06562500000000002 0.215625 0.06562500000000002 0.215625 0.353125 0.234375 0.353125
1 0.975 0.1796875000000001 0.7703125 0.17968750000000008 0.7703125 0.48437500000000017 0.975 0.48437500000000017
1 0.7125 0.22812500000000008 0.609375 0.22812500000000008 0.609375 0.2843750000000001 0.7125 0.2843750000000001
1 0.7359375 0.3781250000000001 0.575 0.3781250000000001 0.575 0.5375000000000001 0.7359375 0.5375000000000002
1 0.3937500000000001 0.7375 0.3703125000000001 0.7375 0.3703125000000001 0.940625 0.3937500000000001 0.940625
1 0.25468750000000007 0.765625 0.11875000000000009 0.765625 0.11875000000000009 0.8609375 0.25468750000000007 0.8609375
1 0.465625 0.10468750000000004 0.4328125 0.10468750000000004 0.4328125 0.540625 0.465625 0.540625
1 0.453125 0.11718750000000004 0.3953125 0.11718750000000004 0.3953125 0.2296875000000001 0.453125 0.2296875000000001
1 0.38906250000000003 0.17500000000000004 0.2453125 0.17500000000000004 0.24531250000000004 0.37343750000000003 0.3890625000000001 0.3734375000000001
1 0.2390625 0.020312500000000015 2.487563810768061e-18 0.0203125 1.0715659492539341e-17 0.15468750000000003 0.2390625 0.15468750000000003
1 0.17343750000000008 0.6359375 0.02656250000000008 0.6359375 0.026562500000000083 0.703125 0.17343750000000008 0.703125
1 0.1937500000000001 0.696875 0.10781250000000009 0.696875 0.10781250000000009 0.7703125 0.1937500000000001 0.7703125
1 0.6421875 0.2656250000000001 0.50625 0.2656250000000001 0.50625 0.3625000000000001 0.6421875 0.3625000000000001
1 0.8953125 0.4031250000000002 0.7578125 0.4031250000000002 0.7578125 0.5218750000000002 0.8953125 0.5218750000000002
1 0.61875 0.018750000000000065 0.3953125 0.01875000000000005 0.3953125 0.07968750000000005 0.61875 0.07968750000000006
1 0.8015625 9.682363755758761e-17 0.7796875 9.54841801210202e-17 0.7796875 0.4578125000000002 0.8015625 0.4578125000000002
1 0.4437500000000002 0.8875 0.3781250000000001 0.8875 0.3781250000000001 0.9921875 0.4437500000000002 0.9921875
3 0.45 0.5796875 0.1437500000000001 0.5796875 0.1437500000000001 0.6046875 0.45 0.6046875
3 0.23593750000000008 0.6796875 0.0671875000000001 0.6796875 0.0671875000000001 0.9953125 0.23593750000000008 0.9953125
1 0.709375 0.2640625000000001 0.4421875 0.2640625000000001 0.4421875 0.28593750000000007 0.709375 0.28593750000000007
4 0.2921875000000001 0.446875 0.14687500000000003 0.446875 0.14687500000000006 0.55 0.2921875000000001 0.55
1 0.153125 0.1515625 0.02812500000000002 0.1515625 0.02812500000000004 0.4671875 0.15312500000000004 0.4671875
1 0.771875 0.10156250000000007 0.4015625 0.10156250000000004 0.4015625 0.14218750000000008 0.771875 0.14218750000000008
4 0.703125 0.028125000000000084 0.6109375 0.028125000000000077 0.6109375 0.12031250000000009 0.703125 0.12031250000000009
1 0.4421875 0.45625 0.3234375000000001 0.45625 0.3234375000000001 0.5359375 0.4421875 0.5359375
1 0.9265625 0.0015625000000000573 0.003125 0.0015625000000000007 0.003125000000000002 0.03593750000000005 0.9265625 0.03593750000000011
4 0.6484375 0.3546875000000001 0.553125 0.3546875000000001 0.553125 0.4640625 0.6484375 0.4640625
1 0.9859375 0.020312500000000115 0.89375 0.02031250000000011 0.89375 0.12031250000000011 0.9859375 0.12031250000000013
0 0.7046875000000001 0.646875 0.10312500000000009 0.646875 0.1031250000000001 0.9625 0.7046875000000001 0.9625
0 0.84375 0.07343750000000007 0.3578125 0.07343750000000004 0.3578125 0.33593750000000006 0.84375 0.3359375000000001