4 0.99375 0.2078125000000001 0.784375 0.2078125000000001 0.784375 0.4890625000000002 0.99375 0.4890625000000002
3 0.9984375 0.4093750000000001 0.3703125000000001 0.409375 0.3703125000000001 0.8578125 0.9984375 0.8578125
3 0.9953125 0.40625000000000017 0.7359375 0.40625000000000017 0.7359375 0.7031250000000002 0.9953125 0.7031250000000002
3 0.58125 0.37500000000000006 0.3609375000000001 0.375 0.3609375000000001 0.6546875 0.58125 0.6546875
3 0.309375 0.003125000000000019 3.827021247335479e-19 0.003125 1.5308084989341915e-17 0.246875 0.309375 0.246875
3 0.784375 0.2515625000000001 0.49375 0.2515625000000001 0.49375 0.5515625000000001 0.784375 0.5515625000000002
1 0.4375 0.39531250000000007 0.3437500000000001 0.3953125 0.3437500000000001 0.4890625 0.4375 0.4890625
1 0.696875 0.0031250000000000596 0.28125 0.003125000000000035 0.28125 0.36250000000000004 0.696875 0.3625000000000001
3 0.5703125 0.21406250000000004 0.3453125 0.2140625 0.3453125 0.478125 0.5703125 0.478125
1 0.11875000000000002 0.1421875 0.018750000000000017 0.1421875 0.018750000000000024 0.25 0.11875000000000005 0.25
1 0.578125 0.09843750000000007 0.525 0.09843750000000007 0.525 0.14375000000000007 0.578125 0.1437500000000001
3 0.7078125 0.012500000000000075 0.5 0.012500000000000061 0.5 0.20312500000000008 0.7078125 0.20312500000000008
4 0.946875 0.007812500000000108 0.8 0.007812500000000097 0.8 0.2562500000000001 0.946875 0.2562500000000001
1 0.3453125 0.03906250000000004 0.2921875 0.039062500000000035 0.2921875 0.07500000000000004 0.3453125 0.07500000000000004
3 0.7187500000000001 0.60625 0.3734375000000001 0.60625 0.3734375000000001 0.846875 0.7187500000000002 0.846875
1 0.11875 0.0921875 0.04843750000000001 0.0921875 0.048437500000000015 0.1421875 0.11875 0.1421875
1 0.5453125 0.15000000000000008 0.4953125 0.15000000000000005 0.4953125 0.19531250000000006 0.5453125 0.19531250000000008
1 0.2328125 0.004687500000000022 0.128125 0.0046875000000000154 0.128125 0.05625000000000002 0.2328125 0.05625000000000002
1 0.4640625 0.0015625000000000521 0.3875 0.0015625000000000471 0.3875 0.04687500000000005 0.4640625 0.046875000000000056
3 0.057812500000000065 0.3046875 3.731345716152092e-17 0.3046875 6.859935585848846e-17 0.815625 0.057812500000000086 0.815625
3 0.4640625 0.21406250000000004 0.315625 0.2140625 0.315625 0.3609375 0.4640625 0.3609375000000001
1 0.2328125 0.051562500000000025 0.140625 0.051562500000000025 0.140625 0.09687500000000002 0.2328125 0.09687500000000002
1 0.03593750000000008 0.659375 0.0031250000000000804 0.659375 0.0031250000000000826 0.69375 0.03593750000000009 0.69375
1 0.5125000000000002 0.7484375 0.4421875000000002 0.7484375 0.4421875000000002 0.803125 0.5125000000000002 0.803125
1 0.5828125 0.0031250000000000652 0.4921875 0.0031250000000000596 0.4921875 0.06562500000000007 0.5828125 0.06562500000000007
1 0.5750000000000002 0.9390625 0.4703125000000002 0.9390625 0.4703125000000002 0.98125 0.5750000000000002 0.98125
3 0.6875000000000001 0.6125 0.5265625 0.6125 0.5265625 0.7484375 0.6875000000000002 0.7484375
3 0.81875 0.012500000000000091 0.6828125 0.012500000000000084 0.6828125 0.22812500000000008 0.81875 0.22812500000000008