1 0.990625 0.6781250000000001 0.6703125 0.678125 0.6703125000000001 0.9921875 0.990625 0.9921875
1 0.6843750000000001 0.675 0.6421875 0.675 0.6421875000000001 1 0.6843750000000002 1
1 0.5546875000000002 0.884375 0.3750000000000001 0.884375 0.3750000000000001 0.971875 0.5546875000000002 0.971875
1 0.16718750000000002 0.0015625000000000105 0.0015625 0.0015625 0.0015625000000000246 0.4015625 0.16718750000000004 0.4015625
1 0.17343750000000008 0.465625 0.004687500000000057 0.465625 0.004687500000000089 0.9875 0.17343750000000013 0.9875
0 0.6078125 0.3140625000000001 0.4046875 0.3140625000000001 0.4046875 0.6125 0.6078125 0.6125
0 0.3828125000000001 0.528125 0.2406250000000001 0.528125 0.2406250000000001 0.6546875 0.3828125000000001 0.6546875
0 0.4953125 0.5546875 0.3234375000000001 0.5546875 0.3234375000000001 0.7046875 0.4953125 0.7046875
0 0.9265625 0.2593750000000001 0.69375 0.2593750000000001 0.69375 0.48125000000000007 0.9265625 0.4812500000000002
0 0.521875 0.27656250000000004 0.3296875 0.2765625 0.3296875 0.44375 0.521875 0.44375
0 0.3453125000000001 0.659375 0.12656250000000008 0.659375 0.12656250000000008 0.8640625 0.3453125000000001 0.8640625
0 1 0.1812500000000001 0.81875 0.18125000000000008 0.81875 0.3921875000000001 1 0.3921875000000001
0 0.1390625000000001 0.546875 0.08750000000000006 0.546875 0.08750000000000008 0.646875 0.1390625000000001 0.646875
0 0.4796875 0.534375 0.409375 0.534375 0.409375 0.6 0.4796875 0.6
0 0.10312500000000009 0.5703125 0.06406250000000006 0.5703125 0.06406250000000006 0.634375 0.10312500000000009 0.634375
0 0.3218750000000001 0.53125 0.2828125000000001 0.53125 0.2828125000000001 0.575 0.3218750000000001 0.575
0 0.5234375 0.27031250000000007 0.45 0.27031250000000007 0.45 0.3546875000000001 0.5234375 0.3546875000000001
0 0.7921875 0.40156250000000016 0.7265625 0.40156250000000016 0.7265625 0.4828125000000002 0.7921875 0.4828125000000002
0 0.2906250000000001 0.5421875 0.21250000000000008 0.5421875 0.21250000000000008 0.653125 0.2906250000000001 0.653125
0 0.05156250000000009 0.6765625 0.012500000000000084 0.6765625 0.012500000000000091 0.79375 0.05156250000000009 0.79375
0 0.06718750000000011 0.89375 1.094528076737947e-16 0.89375 1.1433225976414744e-16 0.9734375 0.06718750000000011 0.9734375
0 0.46406250000000016 0.7578125 0.2875000000000001 0.7578125 0.2875000000000001 0.875 0.46406250000000016 0.875
0 0.6328125 0.3546875000000001 0.596875 0.3546875000000001 0.596875 0.409375 0.6328125 0.409375
0 0.740625 0.32500000000000007 0.6875 0.32500000000000007 0.6875 0.3781250000000001 0.740625 0.3781250000000001
0 0.30937500000000007 0.86875 0.10000000000000009 0.86875 0.10000000000000012 0.9953125 0.30937500000000007 0.9953125
0 0.53125 0.08437500000000006 0.4640625 0.08437500000000006 0.4640625 0.18593750000000003 0.53125 0.18593750000000003
0 0.8546875 0.2968750000000001 0.81875 0.2968750000000001 0.81875 0.3375000000000001 0.8546875 0.3375000000000001
0 0.896875 0.22031250000000008 0.771875 0.22031250000000008 0.771875 0.2906250000000001 0.896875 0.2906250000000001
0 0.3765625 2.946806360448319e-17 0.1046875 1.2820521178573852e-17 0.10468750000000002 0.27968750000000003 0.3765625 0.2796875000000001
0 0.6531250000000002 0.8875 0.5875000000000001 0.8875 0.5875000000000001 0.9515625 0.6531250000000002 0.9515625
0 0.4796875 0.5375 0.45625 0.5375 0.45625 0.55625 0.4796875 0.55625
0 0.809375 0.2453125000000001 0.7671875 0.2453125000000001 0.7671875 0.2984375000000001 0.809375 0.2984375000000001
0 0.4203125000000001 0.60625 0.3593750000000001 0.60625 0.3593750000000001 0.8078125 0.4203125000000002 0.8078125