4 0.825 0.4000000000000001 0.6359375 0.4 0.6359375 0.5593750000000001 0.825 0.5593750000000002
1 0.996875 0.001562500000000061 0.0015625 0.0015625 0.001562500000000061 0.996875 0.996875 0.996875
4 0.6234375 0.3515625000000001 0.509375 0.3515625000000001 0.509375 0.459375 0.6234375 0.459375
4 0.7421875 0.4046875000000001 0.6421875 0.4046875 0.6421875 0.4859375000000001 0.7421875 0.4859375000000002
4 0.9859375 0.44062500000000016 0.93125 0.44062500000000016 0.93125 0.46875000000000017 0.9859375 0.46875000000000017
4 0.9375 0.2984375000000001 0.8328125 0.2984375000000001 0.8328125 0.4812500000000002 0.9375 0.4812500000000002
3 0.48125000000000007 0.29531250000000003 0.28125 0.2953125 0.28125000000000006 1 0.4812500000000002 1
1 0.08750000000000005 0.02187500000000001 0.0390625 0.021875000000000006 0.03906250000000006 0.990625 0.0875000000000001 0.990625
3 0.32500000000000007 0.3015625 0.2203125 0.3015625 0.22031250000000005 0.95 0.32500000000000007 0.95
1 0.25468750000000007 2.8989685948566256e-17 0.21875 2.6789148731348354e-17 0.21875000000000006 0.734375 0.25468750000000007 0.734375
1 0.31718750000000007 0.465625 0.22656250000000008 0.465625 0.22656250000000008 0.5046875 0.31718750000000007 0.5046875
3 0.15000000000000008 0.5046875 0.057812500000000065 0.5046875 0.0578125000000001 1 0.15000000000000013 1
4 0.24531250000000004 0.3125 0.12968750000000004 0.3125 0.12968750000000004 0.528125 0.2453125000000001 0.528125
4 0.8234375 0.43750000000000017 0.7625 0.43750000000000017 0.7625 0.46875000000000017 0.8234375 0.46875000000000017
3 0.2250000000000001 0.540625 0.13437500000000005 0.540625 0.13437500000000008 1 0.2250000000000001 1
3 0.5015625 5.4917754899264124e-17 0.3953125 4.8411818778793805e-17 0.39531250000000007 0.484375 0.5015625 0.484375
4 0.6875 0.415625 0.6390625 0.415625 0.6390625 0.4625 0.6875 0.4625
3 0.15781250000000002 1.301187224094063e-17 0.0546875 6.6972871828370884e-18 0.054687500000000035 0.5078125 0.15781250000000005 0.5078125
4 0.042187500000000086 0.675 0.0015625000000000825 0.675 0.0015625000000000842 0.703125 0.042187500000000086 0.703125
4 0.3640625 0.17812500000000003 0.3125 0.17812500000000003 0.3125 0.24218750000000006 0.3640625 0.24218750000000008
4 0.6734375 7.740150472736006e-17 0.590625 7.233070157464055e-17 0.590625 0.09843750000000008 0.6734375 0.0984375000000001
4 0.6125 0.3593750000000001 0.5671875 0.3593750000000001 0.5671875 0.4046875 0.6125 0.4046875
1 0.99375 0.04687500000000012 0.921875 0.04687500000000011 0.921875 0.19375000000000014 0.99375 0.19375000000000014
4 0.7359375 0.4015625000000001 0.7015625 0.4015625 0.7015625 0.44218750000000007 0.7359375 0.4421875000000002
1 0.06718750000000004 0.3 0.0015625000000000367 0.3 0.0015625000000000452 0.4375 0.06718750000000004 0.4375
4 0.35937500000000006 0.31875 0.19531250000000006 0.31875 0.19531250000000006 0.434375 0.3593750000000001 0.434375
4 0.565625 0.4125 0.509375 0.4125 0.509375 0.44375 0.565625 0.44375
1 0.06875000000000002 0.03906250000000001 0.0015625000000000049 0.0390625 0.0015625000000000211 0.3078125 0.06875000000000005 0.3078125
1 0.2375 0.12656250000000002 0.15 0.1265625 0.15000000000000002 0.359375 0.2375 0.359375
1 0.753125 0.11718750000000008 0.671875 0.11718750000000008 0.671875 0.2578125000000001 0.753125 0.2578125000000001
1 0.2359375 0.0015625000000000235 0.1453125 0.001562500000000018 0.1453125 0.12656250000000002 0.2359375 0.12656250000000005
4 0.771875 0.40937500000000016 0.7359375 0.40937500000000016 0.7359375 0.4468750000000002 0.771875 0.4468750000000002
1 0.0546875000000001 0.6890625 0.0015625000000000847 0.6890625 0.001562500000000093 0.828125 0.05468750000000011 0.828125
1 0.9203125 0.11718750000000011 0.8421875 0.11718750000000008 0.8421875 0.3703125000000001 0.9203125 0.3703125000000001