4 0.6515625 0.503125 0.428125 0.503125 0.4281250000000001 0.825 0.6515625000000002 0.825
1 0.9984375 0.001562500000000061 1.9135106236677395e-19 0.0015625 6.104098889500089e-17 0.9953125 0.9984375 0.9953125
3 0.41093750000000007 0.46875 5.740531871003217e-17 0.46875 8.888256846936651e-17 0.9828125 0.4109375000000002 0.9828125
4 0.2828125 0.2078125 0.12031250000000004 0.2078125 0.12031250000000004 0.303125 0.2828125 0.303125
4 0.5109375 0.39375000000000004 0.3500000000000001 0.39375 0.3500000000000001 0.4890625 0.5109375 0.4890625
4 0.9625 0.2968750000000001 0.7796875 0.2968750000000001 0.7796875 0.3812500000000001 0.9625 0.3812500000000001
4 0.5078125 0.5109375 0.43125 0.5109375 0.43125 0.6015625 0.5078125 0.6015625
4 0.40625 0.4015625 0.33281250000000007 0.4015625 0.33281250000000007 0.490625 0.40625 0.490625
4 0.10781250000000012 0.825 0.0093750000000001 0.825 0.009375000000000107 0.9203125 0.10781250000000013 0.9203125
3 0.49375 0.17500000000000002 0.003125000000000021 0.175 0.0031250000000000314 0.3375 0.49375 0.3375000000000001
4 0.5203125 0.12031250000000004 0.4578125 0.12031250000000004 0.4578125 0.22656250000000008 0.5203125 0.22656250000000008
1 0.796875 0.046875000000000076 0.459375 0.046875000000000056 0.459375 0.09218750000000007 0.796875 0.09218750000000009
1 0.4859375 0.20156250000000003 0.2296875 0.2015625 0.2296875 0.23593750000000005 0.4859375 0.23593750000000008
3 0.2515625000000001 0.8234375 1.0084200986728987e-16 0.8234375 1.1127064276627905e-16 0.99375 0.2515625000000001 0.99375
4 0.8484375 0.3109375000000001 0.759375 0.3109375000000001 0.759375 0.3656250000000001 0.8484375 0.3656250000000001
1 0.3359375 0.10468750000000002 1.2820521178573852e-17 0.1046875 1.6264840301175787e-17 0.1609375 0.3359375 0.16093750000000004
1 0.375 0.03281250000000002 4.018372309702252e-18 0.0328125 6.8886382452038635e-18 0.07968750000000002 0.375 0.07968750000000005
1 0.13437500000000008 0.5703125 0.0015625000000000701 0.5703125 0.0015625000000000755 0.6609375 0.13437500000000008 0.6609375
1 0.3453125000000001 0.484375 0.03437500000000006 0.484375 0.03437500000000006 0.584375 0.3453125000000001 0.584375
4 0.4953125 0.6453125 0.45 0.6453125 0.45 0.7203125 0.4953125 0.7203125
1 0.99375 0.04218750000000011 0.7703125 0.042187500000000086 0.7703125 0.0906250000000001 0.99375 0.09062500000000011
1 1 0.39687500000000003 0.02187500000000005 0.396875 0.021875000000000054 0.5078125000000001 1 0.5078125000000002
1 0.10156250000000003 0.1453125 1.7795648800109975e-17 0.1453125 2.210104770336239e-17 0.215625 0.10156250000000004 0.215625
1 0.2171875 0.1375 0.09531250000000002 0.1375 0.09531250000000002 0.20625 0.2171875 0.20625
1 0.88125 0.14843750000000008 0.640625 0.14843750000000008 0.640625 0.2312500000000001 0.88125 0.2312500000000001
1 0.08750000000000009 0.6515625 7.979339300694473e-17 0.6515625 8.486419615966424e-17 0.734375 0.08750000000000009 0.734375
3 0.9140625 0.2312500000000001 0.5046875 0.2312500000000001 0.5046875 0.3187500000000001 0.9140625 0.3187500000000001
1 0.39375 0.06093750000000003 0.1515625 0.06093750000000002 0.1515625 0.1375 0.39375 0.13750000000000004
1 0.575 5.5300457023997667e-17 0.328125 4.0183723097022526e-17 0.328125 0.04843750000000006 0.575 0.048437500000000064
1 0.78125 0.06718750000000008 0.5125 0.06718750000000007 0.5125 0.14687500000000006 0.78125 0.1468750000000001
1 0.12343750000000005 0.225 0.0015625000000000278 0.225 0.0015625000000000333 0.315625 0.12343750000000005 0.315625
1 0.11406250000000004 0.3140625 3.846156353572156e-17 0.3140625 4.362804221962446e-17 0.3984375 0.11406250000000004 0.3984375
1 0.36875 0.31562500000000004 0.10156250000000004 0.315625 0.10156250000000004 0.4078125 0.3687500000000001 0.4078125
1 0.4109375 0.5765625 0.11718750000000008 0.5765625 0.11718750000000008 0.6609375 0.4109375 0.6609375
1 0.9578125 1.0151173858557357e-16 0.7 8.572527594031472e-17 0.7 0.0593750000000001 0.9578125 0.05937500000000011