1 0.996875 0.001562500000000061 0.0015625 0.0015625 0.001562500000000061 0.996875 0.996875 0.996875
4 0.2093750000000001 0.665625 0.09375000000000008 0.665625 0.09375000000000008 0.7703125 0.2093750000000001 0.7703125
4 0.3609375000000001 0.4015625 0.18125000000000005 0.4015625 0.18125000000000008 0.5515625 0.3609375000000001 0.5515625
4 0.4953125 0.3546875000000001 0.3796875 0.3546875000000001 0.37968750000000007 0.5625 0.4953125 0.5625
4 0.06875000000000006 0.4390625 0.015625000000000056 0.4390625 0.015625000000000056 0.4703125 0.06875000000000006 0.4703125
1 0.9546875 0.018750000000000114 0.90625 0.01875000000000011 0.90625 0.5906250000000002 0.9546875 0.5906250000000002
4 0.16718750000000004 0.2984375 0.06406250000000005 0.2984375 0.06406250000000005 0.484375 0.16718750000000004 0.484375
1 0.13750000000000007 0.017187500000000012 0.0578125 0.017187500000000005 0.05781250000000006 0.984375 0.13750000000000012 0.984375
4 0.4906250000000001 0.34687500000000004 0.04062500000000004 0.346875 0.04062500000000007 0.7765625 0.4906250000000002 0.7765625
3 0.2578125000000001 0.5578125 0.004687500000000068 0.5578125 0.004687500000000095 1 0.2578125000000001 1
1 0.4703125000000001 0.2765625000000001 0.4 0.2765625000000001 0.4000000000000001 1 0.4703125000000002 1
4 0.7 0.08750000000000008 0.63125 0.08750000000000006 0.63125 0.2453125000000001 0.7 0.2453125000000001
3 0.4796875000000001 0.5828125 0.2890625000000001 0.5828125 0.2890625000000001 0.996875 0.47968750000000016 0.996875
4 0.2750000000000001 0.40625 0.17968750000000006 0.40625 0.17968750000000006 0.475 0.2750000000000001 0.475
3 0.0812500000000001 0.6 7.347880794884119e-17 0.6 9.797174393178826e-17 1 0.08125000000000013 1
3 0.24375000000000005 2.382320726466336e-17 0.1453125 1.7795648800109975e-17 0.14531250000000004 0.55 0.24375000000000008 0.55
3 0.3453125 3.59739997249535e-17 0.2421875 2.9659414666849956e-17 0.24218750000000006 0.540625 0.3453125000000001 0.540625
4 0.16875000000000007 0.45625 0.06562500000000007 0.45625 0.06562500000000007 0.6015625 0.1687500000000001 0.6015625
4 0.853125 0.3187500000000001 0.7671875 0.3187500000000001 0.7671875 0.4046875000000002 0.853125 0.4046875000000002
4 0.8953125 0.3156250000000001 0.6421875 0.3156250000000001 0.6421875 0.5218750000000001 0.8953125 0.5218750000000002
4 0.4671875 0.3515625000000001 0.390625 0.3515625000000001 0.39062500000000006 0.403125 0.4671875 0.403125
1 1 0.2953125000000001 0.93125 0.2953125000000001 0.93125 0.44062500000000016 1 0.44062500000000016
4 0.07187500000000005 0.4375 0.0015625000000000534 0.4375 0.0015625000000000632 0.59375 0.07187500000000006 0.59375
4 0.4171875 0.0031250000000000457 0.3265625 0.00312500000000004 0.3265625 0.10312500000000005 0.4171875 0.10312500000000005
1 0.08125000000000002 0.04062500000000001 0.0062500000000000056 0.040625 0.006250000000000014 0.1890625 0.08125000000000002 0.1890625
1 1 0.03281250000000012 0.9328125 0.03281250000000011 0.9328125 0.3062500000000001 1 0.3062500000000001
4 0.2953125000000001 0.403125 0.2640625000000001 0.403125 0.2640625000000001 0.440625 0.2953125000000001 0.440625
1 0.328125 0.0015625000000000348 0.2375 0.0015625000000000291 0.2375 0.11406250000000004 0.328125 0.11406250000000004
1 0.16718750000000002 0.109375 0.08281250000000002 0.109375 0.08281250000000004 0.35625 0.16718750000000004 0.35625
1 0.17968750000000006 0.5390625 0.08437500000000006 0.5390625 0.08437500000000007 0.7046875 0.17968750000000008 0.7046875
1 0.85625 0.0046875000000001 0.7671875 0.004687500000000094 0.7671875 0.1281250000000001 0.85625 0.1281250000000001
1 0.3328125 0.11718750000000004 0.2515625 0.11718750000000004 0.2515625 0.259375 0.3328125 0.259375
1 0.5953125 0.07031250000000007 0.5046875 0.07031250000000007 0.5046875 0.2140625000000001 0.5953125 0.2140625000000001
1 0.421875 0.17656250000000004 0.3359375 0.17656250000000004 0.33593750000000006 0.44375 0.421875 0.44375
4 0.596875 0.2453125000000001 0.5078125 0.2453125000000001 0.5078125 0.4734375 0.596875 0.4734375
1 0.2390625 0.03906250000000003 0.159375 0.03906250000000002 0.15937500000000002 0.18906250000000002 0.2390625 0.18906250000000005