4 0.9390625 0.03437500000000006 0.096875 0.03437500000000001 0.09687500000000003 0.5578125 0.9390625 0.5578125000000002
1 0.08125000000000007 0.5421875 0.05312500000000007 0.5421875 0.053125000000000075 0.7171875 0.08125000000000009 0.7171875
1 0.08125000000000003 0.2078125 0.05468750000000002 0.2078125 0.054687500000000035 0.45 0.08125000000000004 0.45
2 0.3031250000000001 0.446875 0.006250000000000056 0.446875 0.006250000000000089 0.990625 0.3031250000000001 0.990625
1 0.2171875000000001 0.5546875 0.2000000000000001 0.5546875 0.2000000000000001 0.65 0.2171875000000001 0.65
1 0.4140625 0.003125000000000026 0.0109375 0.0031250000000000015 0.010937500000000013 0.19843750000000002 0.4140625 0.19843750000000004
2 0.09218750000000005 0.2671875 0.0015625000000000326 0.2671875 0.0015625000000000487 0.5265625 0.09218750000000006 0.5265625
2 0.19843750000000004 0.2015625 0.07812500000000003 0.2015625 0.07812500000000003 0.45 0.19843750000000004 0.45
2 0.2000000000000001 0.7609375 0.003125000000000093 0.7609375 0.0031250000000001077 0.9953125 0.2000000000000001 0.9953125
4 0.5578125 0.06250000000000004 0.246875 0.06250000000000003 0.246875 0.27656250000000004 0.5578125 0.2765625000000001
1 0.88125 0.0031250000000000817 0.453125 0.0031250000000000557 0.453125 0.09843750000000008 0.88125 0.09843750000000011
4 0.3453125 0.10625000000000002 0.1171875 0.10625 0.11718750000000003 0.2953125 0.3453125 0.2953125
4 0.14062500000000006 0.215625 0.06406250000000002 0.215625 0.06406250000000004 0.35625 0.14062500000000006 0.35625
1 0.2609375 0.003125000000000026 0.175 0.003125000000000021 0.175 0.08125000000000002 0.2609375 0.08125000000000002
1 0.0703125000000001 0.7703125 0.0015625000000000944 0.7703125 0.0015625000000001033 0.91875 0.07031250000000011 0.91875
4 0.2765625000000001 0.365625 0.16406250000000006 0.365625 0.16406250000000006 0.48125 0.2765625000000001 0.48125
4 0.25468750000000007 0.4703125 0.17656250000000004 0.4703125 0.17656250000000007 0.5703125 0.25468750000000007 0.5703125
4 0.36406250000000007 0.24531250000000004 0.12656250000000005 0.2453125 0.12656250000000005 0.4203125 0.36406250000000007 0.4203125
2 0.1906250000000001 0.6625 0.00781250000000008 0.6625 0.007812500000000094 0.853125 0.1906250000000001 0.853125
4 0.103125 0.029687500000000006 3.6356701849687045e-18 0.0296875 1.2246467991473533e-17 0.1703125 0.103125 0.1703125
4 0.471875 0.0031250000000000513 0.3578125 0.0031250000000000444 0.3578125 0.08906250000000006 0.471875 0.08906250000000007
3 0.5140625000000002 0.8296875 0.2593750000000001 0.8296875 0.2593750000000001 0.9953125 0.5140625000000002 0.9953125
4 0.9359375 0.13906250000000012 0.7796875 0.1390625000000001 0.7796875 0.2843750000000001 0.9359375 0.2843750000000001
4 0.5609375 0.29375000000000007 0.14531250000000004 0.29375 0.14531250000000004 0.5171875 0.5609375 0.5171875
1 0.30625 0.006250000000000035 0.25625 0.006250000000000031 0.25625 0.07968750000000004 0.30625 0.07968750000000005
4 0.390625 0.006250000000000042 0.3015625 0.006250000000000036 0.3015625 0.10937500000000004 0.390625 0.10937500000000004
4 0.1 0.004687500000000006 0.003125 0.0046875 0.003125000000000005 0.07812500000000001 0.1 0.07812500000000003
1 0.1750000000000001 0.60625 0.06875000000000006 0.60625 0.06875000000000007 0.6921875 0.1750000000000001 0.6921875
4 0.3343750000000001 0.5296875 0.2500000000000001 0.5296875 0.2500000000000001 0.6359375 0.3343750000000001 0.6359375
1 0.2468750000000001 0.5421875 0.19531250000000006 0.5421875 0.19531250000000006 0.6515625 0.2468750000000001 0.6515625
4 0.08281250000000004 0.178125 0.0015625000000000216 0.178125 0.0015625000000000278 0.275 0.08281250000000004 0.275
4 0.2203125 0.12812500000000002 0.1625 0.128125 0.16250000000000003 0.2078125 0.2203125 0.2078125
4 0.5921875 0.0031250000000000644 0.465625 0.003125000000000057 0.465625 0.08125000000000007 0.5921875 0.08125000000000007