4 0.54375 0.3109375000000001 0.3921875 0.3109375000000001 0.3921875 0.4890625 0.54375 0.4890625
4 0.9875 0.014062500000000117 0.9 0.014062500000000111 0.9 0.06718750000000011 0.9875 0.06718750000000011
1 0.9921875 0.00781250000000006 0.0031250000000000015 0.0078125 0.0031250000000000583 0.9390625 0.9921875 0.9390625
1 0.4375 0.24687500000000004 0.3171875 0.246875 0.31718750000000007 0.37031250000000004 0.4375 0.3703125000000001
1 0.6359375 0.3062500000000001 0.46875 0.3062500000000001 0.46875 0.3781250000000001 0.6359375 0.3781250000000001
1 0.13125000000000003 0.2171875 0.004687500000000027 0.2171875 0.004687500000000033 0.3125 0.13125000000000003 0.3125
1 0.853125 0.02656250000000009 0.6796875 0.02656250000000008 0.6796875 0.13281250000000008 0.853125 0.13281250000000008
1 0.6953125 0.15312500000000007 0.453125 0.15312500000000004 0.453125 0.2296875000000001 0.6953125 0.2296875000000001
3 0.9875 0.1218750000000001 0.446875 0.12187500000000004 0.446875 0.2375000000000001 0.9875 0.2375000000000001
1 0.41875 0.38281250000000006 0.10000000000000005 0.3828125 0.10000000000000006 0.5609375 0.41875 0.5609375
1 0.8578125 0.3000000000000001 0.63125 0.3000000000000001 0.63125 0.3750000000000001 0.8578125 0.3750000000000001
1 0.13125000000000006 0.290625 0.10000000000000005 0.290625 0.10000000000000006 0.5625 0.1312500000000001 0.5625
1 0.33125000000000004 0.2265625 0.11093750000000005 0.2265625 0.11093750000000005 0.396875 0.3312500000000001 0.396875
0 0.4796875000000001 0.5015625 0.03593750000000007 0.5015625 0.03593750000000009 0.940625 0.47968750000000016 0.940625
1 0.12500000000000006 0.2859375 0.003125000000000035 0.2859375 0.003125000000000041 0.3859375 0.12500000000000006 0.3859375
1 0.4890625 0.11875000000000005 0.275 0.11875000000000005 0.275 0.22500000000000003 0.4890625 0.2250000000000001
1 1 0.03750000000000011 0.7890625 0.0375000000000001 0.7890625 0.1343750000000001 1 0.13437500000000013
1 0.3171875 0.11875000000000002 0.159375 0.11875 0.15937500000000002 0.221875 0.3171875 0.221875
1 0.15781250000000002 0.1046875 0.009375000000000014 0.1046875 0.00937500000000002 0.21875 0.15781250000000005 0.21875
1 0.1375000000000001 0.2828125 0.06718750000000004 0.2828125 0.06718750000000008 0.9421875 0.13750000000000012 0.9421875
4 0.6875 0.10781250000000006 0.48125 0.10781250000000005 0.48125 0.19375000000000006 0.6875 0.1937500000000001
1 0.9953125 0.22031250000000008 0.4 0.22031250000000008 0.4 0.3140625000000001 0.9953125 0.3140625000000001
1 0.11875000000000006 0.396875 0.035937500000000046 0.396875 0.03593750000000005 0.5765625 0.11875000000000009 0.5765625
1 0.4546875 0.19531250000000003 0.004687500000000023 0.1953125 0.004687500000000027 0.24375000000000005 0.4546875 0.24375000000000008
4 0.665625 0.2734375000000001 0.603125 0.2734375000000001 0.603125 0.35625000000000007 0.665625 0.35625000000000007
1 0.9921875 0.17968750000000006 0.017187500000000022 0.1796875 0.01718750000000003 0.26093750000000004 0.9921875 0.2609375000000001
4 0.9328125 0.017187500000000112 0.9 0.017187500000000112 0.9 0.04843750000000011 0.9328125 0.04843750000000011
1 0.1953125000000001 0.5671875 0.08906250000000007 0.5671875 0.08906250000000009 0.9359375 0.19531250000000014 0.9359375
3 0.35 0.0015625000000000229 0.021875 0.0015625000000000027 0.021875000000000002 0.05625000000000002 0.35 0.05625000000000004
1 0.05937500000000005 0.3984375 0.0015625000000000487 0.3984375 0.0015625000000000597 0.5765625 0.05937500000000007 0.5765625
1 1 0.3375000000000001 0.5109375 0.3375000000000001 0.5109375 0.4234375000000001 1 0.4234375000000002
1 0.03906250000000007 0.5828125 0.0015625000000000714 0.5828125 0.0015625000000000773 0.6796875 0.039062500000000076 0.6796875