4 0.996875 0.7812500000000001 0.0015625000000000957 0.78125 0.001562500000000105 0.9359375 0.996875 0.9359375
3 0.99375 0.3843750000000001 0.628125 0.3843750000000001 0.628125 0.6609375000000001 0.99375 0.6609375000000002
3 0.996875 0.6000000000000001 0.546875 0.6 0.5468750000000001 0.846875 0.996875 0.846875
1 0.6703125 0.3343750000000001 0.584375 0.3343750000000001 0.584375 0.428125 0.6703125 0.428125
1 0.6578125 0.528125 0.56875 0.528125 0.56875 0.6015625 0.6578125 0.6015625
1 0.9546875 0.3453125000000001 0.8265625 0.3453125000000001 0.8265625 0.4343750000000002 0.9546875 0.4343750000000002
1 0.6625 0.27031250000000007 0.6 0.27031250000000007 0.6 0.3390625000000001 0.6625 0.3390625000000001
3 0.2171875000000001 0.4953125 0.014062500000000061 0.4953125 0.014062500000000084 0.8515625 0.2171875000000001 0.8515625
1 0.703125 0.2750000000000001 0.6296875 0.2750000000000001 0.6296875 0.3437500000000001 0.703125 0.3437500000000001
1 0.6046875 0.27031250000000007 0.5421875 0.27031250000000007 0.5421875 0.3281250000000001 0.6046875 0.3281250000000001
1 0.7984375 0.4234375000000001 0.6953125 0.4234375 0.6953125 0.4875000000000001 0.7984375 0.48750000000000016
1 0.75 0.3421875000000001 0.6703125 0.3421875000000001 0.6703125 0.4203125000000001 0.75 0.4203125000000002
1 0.678125 0.2312500000000001 0.60625 0.2312500000000001 0.60625 0.2687500000000001 0.678125 0.2687500000000001
4 0.6703125 7.596637175960925e-17 0.5703125 6.984313776387249e-17 0.5703125 0.1843750000000001 0.6703125 0.1843750000000001
1 0.7625 0.27031250000000007 0.6859375 0.27031250000000007 0.6859375 0.3468750000000001 0.7625 0.3468750000000001
4 0.10468750000000009 0.6921875 0.03125000000000009 0.6921875 0.0312500000000001 0.778125 0.10468750000000009 0.778125
1 0.11250000000000004 0.2171875 0.04687500000000002 0.2171875 0.04687500000000003 0.259375 0.11250000000000004 0.259375
1 0.8015625 0.3578125000000001 0.7171875 0.3578125000000001 0.7171875 0.4281250000000001 0.8015625 0.4281250000000002
1 0.6078125 0.4703125 0.540625 0.4703125 0.540625 0.5296875 0.6078125 0.5296875
1 0.6734375000000001 0.7421875 0.6078125000000002 0.7421875 0.6078125000000002 0.8015625 0.6734375000000001 0.8015625
1 0.71875 0.553125 0.646875 0.553125 0.646875 0.596875 0.71875 0.596875
1 0.7171875000000001 0.6671875 0.6375 0.6671875 0.6375000000000001 0.740625 0.7171875000000002 0.740625
3 0.2578125 0.19687500000000002 0.042187500000000024 0.196875 0.04218750000000003 0.328125 0.2578125 0.328125
1 1 0.26250000000000007 0.9140625 0.26250000000000007 0.9140625 0.3546875000000001 1 0.3546875000000001
1 0.6078125000000002 0.7328125 0.5343750000000002 0.7328125 0.5343750000000002 0.8015625 0.6078125000000002 0.8015625
1 0.14218750000000005 0.2859375 0.06562500000000004 0.2859375 0.06562500000000004 0.328125 0.14218750000000005 0.328125
1 0.78125 0.6187500000000001 0.7 0.61875 0.7 0.6515625 0.78125 0.6515625000000002
1 0.18593750000000003 0.2046875 0.11406250000000004 0.2046875 0.11406250000000004 0.2359375 0.18593750000000003 0.2359375
1 0.2578125 0.2015625 0.19375000000000003 0.2015625 0.19375000000000003 0.2359375 0.2578125 0.2359375
1 0.696875 0.60625 0.5625 0.60625 0.5625 0.6734375 0.696875 0.6734375
1 0.8078125 0.6437500000000002 0.7484375 0.6437500000000002 0.7484375 0.6718750000000002 0.8078125 0.6718750000000002
1 0.08125000000000007 0.5203125 0.014062500000000061 0.5203125 0.01406250000000007 0.653125 0.08125000000000009 0.653125
4 0.74375 0.6484375000000001 0.696875 0.6484375 0.696875 0.7156250000000001 0.74375 0.7156250000000002
3 0.2062500000000001 0.5609375 0.057812500000000065 0.5609375 0.05781250000000008 0.6734375 0.2062500000000001 0.6734375
2 0.43750000000000017 0.803125 0.3531250000000001 0.803125 0.3531250000000001 0.8953125 0.43750000000000017 0.8953125
1 0.5890625 0.34062500000000007 0.5484375 0.34062500000000007 0.5484375 0.4140625 0.5890625 0.4140625
1 0.5937500000000001 0.6546875 0.5296875 0.6546875 0.5296875000000001 0.7359375 0.5937500000000002 0.7359375
1 0.703125 0.421875 0.6921875 0.421875 0.6921875 0.4734375 0.703125 0.4734375
1 0.5109375 0.21250000000000008 0.446875 0.21250000000000008 0.446875 0.2453125000000001 0.5109375 0.2453125000000001
1 0.578125 0.2234375000000001 0.4953125 0.2234375000000001 0.4953125 0.2734375000000001 0.578125 0.2734375000000001
4 0.048437500000000064 0.44375 0.0046875000000000545 0.44375 0.004687500000000058 0.5140625 0.048437500000000064 0.5140625
4 0.6203125 0.4578125 0.5859375 0.4578125 0.5859375 0.49375 0.6203125 0.49375
4 0.8109375 0.0015625000000000922 0.6953125 0.0015625000000000853 0.6953125 0.1218750000000001 0.8109375 0.1218750000000001
1 0.10625000000000007 0.5140625 0.05468750000000007 0.5140625 0.05468750000000007 0.578125 0.1062500000000001 0.578125
4 0.17500000000000007 0.4359375 0.10625000000000004 0.4359375 0.10625000000000007 0.584375 0.1750000000000001 0.584375
4 0.9921875 0.001562500000000112 0.840625 0.0015625000000001027 0.840625 0.1875000000000001 0.9921875 0.18750000000000014
1 0.5453125000000001 0.5765625 0.5296875 0.5765625 0.5296875000000001 0.8140625 0.5453125000000002 0.8140625
1 0.58125 0.17031250000000003 0.021875000000000023 0.1703125 0.021875000000000026 0.20781250000000004 0.58125 0.2078125000000001
1 0.03593750000000005 0.007812500000000003 0.0031250000000000015 0.0078125 0.0031250000000000526 0.846875 0.0359375000000001 0.846875
1 0.4 0.17656250000000004 0.2796875 0.17656250000000004 0.2796875 0.21718750000000003 0.4 0.2171875000000001
4 0.0906250000000001 0.759375 0.03281250000000009 0.759375 0.03281250000000009 0.8265625 0.09062500000000011 0.8265625