4 0.9375 0.23437500000000006 0.10000000000000005 0.234375 0.10000000000000009 0.996875 0.9375 0.996875
4 0.90625 0.004687500000000095 0.646875 0.004687500000000079 0.646875 0.1687500000000001 0.90625 0.1687500000000001
4 0.875 0.24218750000000008 0.6421875 0.24218750000000008 0.6421875 0.4375000000000001 0.875 0.43750000000000017
3 0.5828125 0.007812500000000049 0.20625 0.007812500000000024 0.20625 0.321875 0.5828125 0.3218750000000001
3 0.3453125 0.0031250000000000258 0.0765625 0.0031250000000000097 0.07656250000000002 0.353125 0.3453125 0.353125
1 0.2421875 0.09375000000000003 0.1203125 0.09375000000000003 0.12031250000000002 0.21875 0.2421875 0.21875
4 0.603125 0.31718750000000007 0.18437500000000004 0.3171875 0.18437500000000007 0.5578125 0.603125 0.5578125
1 0.4125 0.017187500000000046 0.3671875 0.017187500000000043 0.3671875 0.14218750000000005 0.4125 0.14218750000000005
1 0.5765625 0.006250000000000065 0.5 0.006250000000000061 0.5 0.08750000000000006 0.5765625 0.08750000000000006
3 0.4031250000000002 0.8265625 0.0640625000000001 0.8265625 0.06406250000000012 1 0.4031250000000002 1
1 0.29531250000000003 0.021875000000000023 0.05625 0.021875000000000006 0.05625000000000006 0.99375 0.2953125000000001 0.99375
1 0.284375 0.004687500000000026 0.1375 0.004687500000000016 0.1375 0.15468750000000003 0.284375 0.15468750000000003
4 0.9125 0.009375000000000107 0.8375 0.009375000000000102 0.8375 0.0796875000000001 0.9125 0.0796875000000001
1 0.3875 0.00156250000000004 0.26875 0.0015625000000000326 0.26875 0.04531250000000004 0.3875 0.04531250000000005
1 0.490625 0.05781250000000006 0.3875 0.057812500000000044 0.3875 0.13750000000000004 0.490625 0.13750000000000004
1 0.371875 0.03437500000000004 0.284375 0.03437500000000003 0.284375 0.10781250000000005 0.371875 0.10781250000000005
3 1 0.2250000000000001 0.8625 0.2250000000000001 0.8625 0.44531250000000017 1 0.44531250000000017
4 0.8984375 0.4390625000000001 0.63125 0.4390625 0.63125 0.6328125000000001 0.8984375 0.6328125000000002
1 0.13281250000000003 0.1078125 0.06250000000000003 0.1078125 0.06250000000000003 0.215625 0.13281250000000006 0.215625
1 0.4625 0.003125000000000052 0.3875 0.003125000000000047 0.3875 0.06562500000000006 0.4625 0.06562500000000007
4 0.9046875 0.13281250000000008 0.7484375 0.13281250000000008 0.7484375 0.27031250000000007 0.9046875 0.27031250000000007
1 0.9890625 0.2296875000000001 0.9125 0.2296875000000001 0.9125 0.34062500000000007 0.9890625 0.34062500000000007
3 1 0.009375000000000114 0.865625 0.009375000000000105 0.865625 0.21093750000000008 1 0.21093750000000008
4 0.796875 0.19687500000000008 0.703125 0.19687500000000008 0.703125 0.2687500000000001 0.796875 0.2687500000000001
1 0.5796875 0.09843750000000007 0.528125 0.09843750000000007 0.528125 0.18593750000000006 0.5796875 0.1859375000000001
1 0.99375 0.0046875000000001195 0.95 0.004687500000000117 0.95 0.05312500000000011 0.99375 0.05312500000000011
1 0.10937500000000004 0.2109375 0.059375000000000025 0.2109375 0.05937500000000003 0.29375 0.10937500000000004 0.29375
4 0.15000000000000005 0.28125 0.06093750000000005 0.28125 0.06093750000000005 0.3765625 0.15000000000000005 0.3765625
4 0.1359375 0.009375000000000012 0.0640625 0.009375000000000008 0.06406250000000001 0.1390625 0.1359375 0.1390625
3 0.18593750000000006 0.384375 0.06093750000000005 0.384375 0.060937500000000054 0.6109375 0.1859375000000001 0.6109375
1 0.625 0.057812500000000065 0.565625 0.057812500000000065 0.565625 0.1437500000000001 0.625 0.1437500000000001
1 0.9578125 0.28593750000000007 0.9140625 0.28593750000000007 0.9140625 0.3421875000000001 0.9578125 0.3421875000000001
1 0.5265625 0.02031250000000006 0.465625 0.020312500000000056 0.465625 0.09375000000000007 0.5265625 0.09375000000000007
1 0.978125 0.029687500000000117 0.915625 0.02968750000000011 0.915625 0.07500000000000011 0.978125 0.07500000000000011
1 0.11250000000000013 0.9171875 0.09375000000000011 0.9171875 0.09375000000000011 0.98125 0.11250000000000013 0.98125
1 0.18593750000000003 0.2515625 0.13593750000000004 0.2515625 0.13593750000000004 0.35625 0.18593750000000003 0.35625
4 0.13281250000000008 0.665625 0.06093750000000009 0.665625 0.06093750000000009 0.7671875 0.13281250000000008 0.7671875
1 0.6953125 0.11875000000000009 0.584375 0.11875000000000009 0.584375 0.14218750000000008 0.6953125 0.14218750000000008
4 0.1750000000000001 0.728125 0.10937500000000008 0.728125 0.10937500000000008 0.8046875 0.1750000000000001 0.8046875