4 0.778125 0.18281250000000007 0.2734375 0.18281250000000004 0.27343750000000006 0.6218750000000001 0.778125 0.6218750000000002
1 0.996875 0.001562500000000065 0.0625 0.0015625000000000077 0.06250000000000006 0.9953125 0.996875 0.9953125
2 0.3546875000000001 0.578125 0.056250000000000064 0.578125 0.05625000000000009 0.9921875 0.3546875000000001 0.9921875
2 0.39375000000000004 0.004687500000000028 0.05625 0.004687500000000007 0.056250000000000036 0.5671875 0.3937500000000001 0.5671875
1 0.85 0.0015625000000000697 0.2890625 0.0015625000000000354 0.2890625 0.23593750000000005 0.85 0.23593750000000008
1 0.221875 0.08593750000000003 0.1625 0.08593750000000003 0.16250000000000003 0.3578125 0.221875 0.3578125
2 1 0.01093750000000011 0.796875 0.010937500000000096 0.796875 0.46875000000000017 1 0.46875000000000017
4 0.6375 0.18750000000000006 0.3703125 0.18750000000000006 0.37031250000000004 0.3890625000000001 0.6375 0.3890625000000001
4 0.509375 0.0015625000000000521 0.3375 0.0015625000000000417 0.3375 0.17812500000000003 0.509375 0.17812500000000003
4 0.571875 0.3234375000000001 0.384375 0.3234375000000001 0.384375 0.496875 0.571875 0.496875
4 0.4890625000000002 0.753125 0.4000000000000002 0.753125 0.4000000000000002 0.8328125 0.4890625000000002 0.8328125
4 0.5328125 0.18750000000000006 0.4328125 0.18750000000000006 0.4328125 0.2671875000000001 0.5328125 0.2671875000000001
1 0.8609375 0.0031250000000001012 0.796875 0.0031250000000000973 0.796875 0.3312500000000001 0.8609375 0.3312500000000001
4 0.27343750000000006 0.3484375 0.057812500000000044 0.3484375 0.05781250000000006 0.5296875 0.2734375000000001 0.5296875