4 0.815625 0.2750000000000001 0.38125 0.2750000000000001 0.38125000000000003 0.7734375000000001 0.815625 0.7734375000000002
1 0.996875 0.05937500000000005 0.001562500000000007 0.059375 0.0015625000000000645 0.996875 0.996875 0.996875
1 0.17812500000000003 0.06718750000000001 0.04531250000000001 0.0671875 0.04531250000000005 0.7515625 0.1781250000000001 0.7515625
4 0.32343750000000004 0.3171875 0.15156250000000004 0.3171875 0.15156250000000007 0.6453125 0.3234375000000001 0.6453125
1 0.4296875 0.06250000000000003 0.0015625000000000077 0.0625 0.001562500000000026 0.36250000000000004 0.4296875 0.3625000000000001
1 1 0.05937500000000009 0.4140625 0.059375000000000046 0.4140625 0.3859375000000001 1 0.3859375000000001
4 0.525 0.3234375000000001 0.3875 0.3234375000000001 0.38750000000000007 0.4828125 0.525 0.4828125
3 0.5406250000000001 0.759375 0.010937500000000095 0.759375 0.010937500000000109 0.996875 0.5406250000000001 0.996875
4 0.815625 0.4343750000000002 0.728125 0.4343750000000002 0.728125 0.5390625000000002 0.815625 0.5390625000000002
4 0.2765625000000001 0.39375 0.16718750000000004 0.39375 0.16718750000000004 0.4921875 0.2765625000000001 0.4921875
4 0.6171875 0.2812500000000001 0.5140625 0.2812500000000001 0.5140625 0.3921875000000001 0.6171875 0.3921875000000001
4 0.64375 0.2921875000000001 0.4375 0.2921875000000001 0.4375 0.54375 0.64375 0.54375
4 0.13281250000000008 0.5609375 6.869503138967185e-17 0.5609375 8.189825469297925e-17 0.7765625 0.13281250000000008 0.7765625
1 0.4734375 0.05781250000000006 0.409375 0.057812500000000044 0.409375 0.19062500000000004 0.4734375 0.19062500000000004
4 0.4843750000000001 0.6015625 0.18125000000000008 0.6015625 0.18125000000000008 0.8140625 0.48437500000000017 0.8140625