4 0.7781250000000001 0.3765625 0.2750000000000001 0.3765625 0.2750000000000001 0.8109375 0.7781250000000002 0.8109375
1 0.996875 6.486801014233637e-17 0.0625 7.654042494670958e-18 0.06250000000000006 0.9953125 0.996875 0.9953125
4 0.659375 0.12343750000000006 0.3703125 0.12343750000000005 0.3703125 0.2828125000000001 0.659375 0.2828125000000001
4 0.5312500000000002 0.8 0.3265625000000001 0.8 0.3265625000000001 0.99375 0.5312500000000002 0.99375
2 0.3750000000000001 0.4515625 0.05312500000000005 0.4515625 0.053125000000000075 0.99375 0.3750000000000001 0.99375
1 0.7953125 0.017187500000000067 0.2890625 0.017187500000000033 0.28906250000000006 0.48125000000000007 0.7953125 0.4812500000000002
4 0.553125 0.39843750000000006 0.2953125000000001 0.3984375 0.2953125000000001 0.6453125 0.553125 0.6453125
1 1 0.007812500000000099 0.6109375 0.007812500000000075 0.6109375 0.5203125000000001 1 0.5203125000000002
1 0.36250000000000004 0.004687500000000026 0.05625 0.004687500000000007 0.05625000000000002 0.428125 0.3625000000000001 0.428125
1 0.21875000000000008 0.646875 0.1671875000000001 0.646875 0.1671875000000001 0.8984375 0.21875000000000008 0.8984375
4 0.2640625000000001 0.4875 0.06406250000000006 0.4875 0.06406250000000008 0.6703125 0.2640625000000001 0.6703125
4 0.4921875 0.16718750000000004 0.3984375 0.16718750000000004 0.3984375 0.26250000000000007 0.4921875 0.26250000000000007
4 0.3968750000000001 0.5140625 0.27812500000000007 0.5140625 0.27812500000000007 0.6265625 0.3968750000000001 0.6265625
1 0.8765625 5.836207402186606e-17 0.0765625 9.376202055971923e-18 0.0765625 0.19375000000000003 0.8765625 0.1937500000000001
4 0.40625 0.10000000000000005 0.290625 0.10000000000000005 0.290625 0.20937500000000003 0.40625 0.2093750000000001
4 0.421875 0.004687500000000044 0.2890625 0.004687500000000036 0.2890625 0.13437500000000005 0.421875 0.13437500000000005
4 0.8125 0.004687500000000092 0.6828125 0.004687500000000083 0.6828125 0.12500000000000008 0.8125 0.12500000000000008
4 0.2484375000000001 0.8953125 0.08906250000000011 0.8953125 0.08906250000000013 1 0.2484375000000001 1
1 0.5921875 5.807504742831589e-17 0.35625 4.362804221962446e-17 0.35625 0.11718750000000007 0.5921875 0.11718750000000008
4 0.5328125 0.3375000000000001 0.390625 0.3375000000000001 0.39062500000000006 0.4640625 0.5328125 0.4640625
4 1 0.10156250000000011 0.83125 0.10156250000000008 0.83125 0.2796875000000001 1 0.2796875000000001
4 0.14531250000000012 0.8765625 0.0718750000000001 0.8765625 0.0718750000000001 0.9859375 0.14531250000000012 0.9859375