4 0.8109375 0.24843750000000003 0.2328125 0.2484375 0.23281250000000003 0.7703125000000001 0.8109375 0.7703125000000002
1 0.9390625 0.0015625000000000575 0.0015625 0.0015625 0.001562500000000061 0.9953125 0.9390625 0.9953125
1 0.6359375 0.0031250000000000713 0.5359375 0.0031250000000000652 0.5359375 0.2765625000000001 0.6359375 0.2765625000000001
1 0.678125 0.1546875000000001 0.63125 0.1546875000000001 0.63125 0.3625000000000001 0.678125 0.3625000000000001
4 0.6578125 0.3625000000000001 0.4421875 0.3625000000000001 0.4421875 0.54375 0.6578125 0.54375
4 0.4203125 0.27812500000000007 0.2703125 0.278125 0.27031250000000007 0.4171875 0.4203125 0.4171875
1 0.3265625 0.007812500000000035 0.240625 0.007812500000000031 0.240625 0.2984375 0.3265625 0.2984375
1 0.4640625 0.0031250000000000505 0.365625 0.0031250000000000444 0.365625 0.23437500000000008 0.4640625 0.23437500000000008
4 0.3859375000000001 0.490625 0.2656250000000001 0.490625 0.2656250000000001 0.66875 0.3859375000000001 0.66875
1 0.10156250000000008 0.6640625 0.0015625000000000812 0.6640625 0.0015625000000000938 0.865625 0.10156250000000008 0.865625
1 0.04218750000000009 0.7234375 8.859554187581634e-17 0.7234375 9.577120671457036e-17 0.840625 0.0421875000000001 0.840625
1 0.2734375 0.0015625000000000291 0.20625 0.001562500000000025 0.20625 0.10937500000000004 0.2734375 0.10937500000000004
4 0.5859375 0.3421875000000001 0.428125 0.3421875000000001 0.428125 0.4265625 0.5859375 0.4265625
1 0.26250000000000007 0.440625 0.19062500000000004 0.440625 0.19062500000000007 0.6203125 0.26250000000000007 0.6203125
1 0.7328125 0.30937500000000007 0.6671875 0.30937500000000007 0.6671875 0.3281250000000001 0.7328125 0.3281250000000001
1 0.3578125000000001 0.8734375 0.18750000000000008 0.8734375 0.1875000000000001 1 0.3578125000000001 1
4 0.4578125 0.428125 0.3453125000000001 0.428125 0.3453125000000001 0.5171875 0.4578125 0.5171875
1 0.4500000000000002 0.903125 0.40625000000000017 0.903125 0.40625000000000017 1 0.4500000000000002 1
1 0.14687500000000003 0.010937500000000013 0.078125 0.010937500000000008 0.07812500000000003 0.496875 0.14687500000000003 0.496875
1 0.940625 0.22031250000000008 0.80625 0.22031250000000008 0.80625 0.3921875000000001 0.940625 0.3921875000000001
4 0.525 0.2500000000000001 0.378125 0.2500000000000001 0.378125 0.35625000000000007 0.525 0.35625000000000007
1 0.16406250000000006 0.25625 0.007812500000000031 0.25625 0.007812500000000042 0.4265625 0.16406250000000006 0.4265625
1 0.859375 1.0160741411675698e-16 0.8 9.797174393178826e-17 0.8 0.2578125000000001 0.859375 0.2578125000000001
1 0.803125 0.3156250000000001 0.65625 0.3156250000000001 0.65625 0.4843750000000001 0.803125 0.48437500000000017
1 0.22656250000000008 0.8625 0.06562500000000011 0.8625 0.06562500000000011 0.9953125 0.22656250000000008 0.9953125
1 0.30000000000000004 0.3109375 0.15312500000000004 0.3109375 0.15312500000000004 0.471875 0.3000000000000001 0.471875
1 0.12343750000000002 0.15 0.001562500000000018 0.15 0.001562500000000027 0.296875 0.12343750000000005 0.296875
1 0.07656250000000006 0.5578125 0.001562500000000068 0.5578125 0.001562500000000072 0.6234375 0.07656250000000006 0.6234375
1 0.9375 1.078263236436771e-16 0.8234375 1.0084200986728987e-16 0.8234375 0.2234375000000001 0.9375 0.2234375000000001
1 0.11250000000000011 0.865625 0.0015625000000001061 0.865625 0.0015625000000001141 1 0.11250000000000013 1
1 0.81875 0.14062500000000008 0.6515625 0.14062500000000008 0.6515625 0.31718750000000007 0.81875 0.31718750000000007
1 0.453125 0.14062500000000006 0.290625 0.14062500000000006 0.290625 0.30468750000000006 0.453125 0.3046875000000001
1 0.34062500000000007 0.6578125 0.1984375000000001 0.6578125 0.1984375000000001 0.734375 0.34062500000000007 0.734375
1 0.1125 0.015625000000000007 1.9135106236677394e-18 0.015625 1.1768090335556599e-17 0.1765625 0.1125 0.1765625
1 0.2375000000000001 0.4125 0.09375000000000004 0.4125 0.09375000000000006 0.5734375 0.2375000000000001 0.5734375
1 0.11718750000000004 0.4109375 0.0015625000000000506 0.4109375 0.0015625000000000582 0.540625 0.11718750000000004 0.540625
1 0.2765625 0.0031250000000000245 0.121875 0.0031250000000000154 0.121875 0.17812500000000003 0.2765625 0.17812500000000003