4 0.9140625 0.7093750000000001 0.37187500000000007 0.709375 0.37187500000000007 0.81875 0.9140625 0.81875
4 0.5671875000000002 0.728125 0.39531250000000007 0.728125 0.39531250000000007 0.8171875 0.5671875000000002 0.8171875
3 0.3343750000000001 0.746875 0.1750000000000001 0.746875 0.1750000000000001 0.9953125 0.3343750000000001 0.9953125
0 0.60625 0.0015625000000000454 0.134375 0.0015625000000000166 0.13437500000000002 0.22031250000000005 0.60625 0.22031250000000008
3 0.8234375 0.7906250000000001 0.23437500000000008 0.790625 0.23437500000000008 0.9984375 0.8234375 0.9984375
1 0.20468750000000005 0.03437500000000002 0.084375 0.03437500000000001 0.08437500000000006 1 0.20468750000000008 1
3 0.9640625 9.070040356185083e-17 0.5171875 6.333720164340217e-17 0.5171875 0.2234375000000001 0.9640625 0.2234375000000001
3 0.46406250000000016 0.796875 0.3000000000000001 0.796875 0.3000000000000001 1 0.46406250000000016 1
1 0.99375 0.021875000000000113 0.8765625 0.021875000000000106 0.8765625 0.9984375 0.99375 0.9984375
1 0.1921875 0.08437500000000002 0.109375 0.08437500000000002 0.10937500000000003 0.18593750000000003 0.19218750000000004 0.18593750000000003
1 0.1890625 1.8082675393660138e-17 0.10625 1.3011872240940627e-17 0.10625 0.09531250000000002 0.1890625 0.09531250000000002
1 0.5687500000000002 0.809375 0.5531250000000002 0.809375 0.5531250000000002 0.8921875 0.5687500000000002 0.8921875
1 0.2 2.296212748401287e-17 0.175 2.143131898507868e-17 0.17500000000000002 0.240625 0.2 0.240625
1 0.940625 1.1289712679639661e-16 0.903125 1.1060091404799533e-16 0.903125 0.12031250000000011 0.940625 0.12031250000000013
1 0.334375 3.205130294643464e-17 0.1890625 2.315347854637965e-17 0.1890625 0.12031250000000004 0.334375 0.12031250000000004
1 0.340625 0.11718750000000004 0.190625 0.11718750000000004 0.19062500000000002 0.221875 0.340625 0.221875
4 0.9984375 0.23437500000000008 0.9109375 0.23437500000000008 0.9109375 0.3984375000000001 0.9984375 0.3984375000000001
1 0.11093750000000009 0.6859375 0.06562500000000009 0.6859375 0.06562500000000009 0.8140625 0.11093750000000009 0.8140625
1 1 0.009375000000000118 0.925 0.009375000000000114 0.925 0.09843750000000012 1 0.09843750000000014
1 0.18906250000000002 0.17968750000000003 0.1125 0.1796875 0.11250000000000002 0.246875 0.18906250000000005 0.246875
1 0.11406250000000002 0.06718750000000001 0.065625 0.0671875 0.06562500000000002 0.203125 0.11406250000000004 0.203125
1 0.6765625 0.0031250000000000756 0.5546875 0.003125000000000068 0.5546875 0.10781250000000009 0.6765625 0.10781250000000009
1 0.13750000000000007 0.1890625 0.08750000000000002 0.1890625 0.08750000000000005 0.721875 0.1375000000000001 0.721875
1 0.8109375 0.0031250000000000973 0.775 0.0031250000000000943 0.775 0.09375000000000008 0.8109375 0.09375000000000008
1 0.9453125 0.2250000000000001 0.9046875 0.2250000000000001 0.9046875 0.6562500000000002 0.9453125 0.6562500000000002
1 0.7609375 0.19375000000000003 0.15156250000000004 0.19375 0.15156250000000004 0.24531250000000004 0.7609375 0.2453125000000001
4 0.44843750000000016 0.7546875 0.3343750000000001 0.7546875 0.3343750000000001 0.8140625 0.44843750000000016 0.8140625
1 0.1265625000000001 0.9046875 0.0640625000000001 0.9046875 0.0640625000000001 0.996875 0.12656250000000013 0.996875
1 0.9140625 0.2453125000000001 0.8234375 0.2453125000000001 0.8234375 0.7312500000000002 0.9140625 0.7312500000000002