4 0.6265625000000001 0.7109375 0.0906250000000001 0.7109375 0.0906250000000001 0.815625 0.6265625000000001 0.815625
4 0.2609375000000001 0.7140625 0.09375000000000008 0.7140625 0.09375000000000008 0.8078125 0.2609375000000001 0.8078125
3 0.821875 0.004687500000000092 0.6640625 0.004687500000000082 0.6640625 0.22656250000000008 0.821875 0.22656250000000008
1 0.4203125 0.0015625000000000268 0.0171875 0.001562500000000002 0.017187500000000015 0.22656250000000006 0.4203125 0.22656250000000008
1 0.11093750000000006 0.03281250000000001 4.018372309702252e-18 0.0328125 6.295449951866863e-17 0.9953125 0.11093750000000013 0.9953125
3 0.45312500000000017 0.815625 0.26250000000000007 0.815625 0.26250000000000007 0.9953125 0.45312500000000017 0.9953125
3 0.21875000000000008 0.8203125 0.0203125000000001 0.8203125 0.02031250000000011 0.996875 0.21875000000000008 0.996875
1 0.8953125 0.08593750000000011 0.8171875 0.08593750000000011 0.8171875 0.18125000000000008 0.8953125 0.18125000000000008
3 0.6828125 0.004687500000000075 0.5515625 0.004687500000000068 0.5515625 0.2140625000000001 0.6828125 0.2140625000000001
1 0.9 1.0533875983290905e-16 0.8203125 1.0045930774255631e-16 0.8203125 0.09375000000000011 0.9 0.09375000000000011
1 0.9390625 0.19375000000000012 0.8875 0.1937500000000001 0.8875 0.2921875000000001 0.9390625 0.2921875000000001
1 0.89375 0.1781250000000001 0.8171875 0.1781250000000001 0.8171875 0.2453125000000001 0.89375 0.2453125000000001
4 0.10937500000000003 0.009375000000000007 0.0046875000000000016 0.009375 0.004687500000000016 0.2484375 0.10937500000000004 0.2484375
1 0.08281250000000001 0.007812500000000005 0.0031250000000000015 0.0078125 0.003125000000000007 0.096875 0.08281250000000002 0.096875
1 0.3109375000000001 0.8453125 0.2250000000000001 0.8453125 0.2250000000000001 0.9953125 0.3109375000000001 0.9953125
1 0.9375 0.06562500000000011 0.890625 0.06562500000000011 0.890625 0.1953125000000001 0.9375 0.19531250000000014
4 0.1625000000000001 0.7796875 0.0359375000000001 0.7796875 0.03593750000000011 0.878125 0.1625000000000001 0.878125
1 0.2109375 0.10468750000000002 0.09843750000000002 0.1046875 0.09843750000000002 0.2234375 0.2109375 0.2234375
1 0.103125 0.00156250000000001 0.0609375 0.0015625000000000077 0.06093750000000001 0.115625 0.103125 0.115625
1 0.2218750000000001 0.834375 0.12343750000000009 0.834375 0.12343750000000012 0.928125 0.2218750000000001 0.928125
4 0.21250000000000008 0.7734375 0.11250000000000009 0.7734375 0.11250000000000009 0.8453125 0.21250000000000008 0.8453125
1 0.2078125 1.798699986247675e-17 0.0859375 1.0524308430172567e-17 0.08593750000000001 0.09843750000000001 0.2078125 0.09843750000000002
1 0.328125 0.004687500000000033 0.20625 0.004687500000000025 0.20625 0.13437500000000005 0.328125 0.13437500000000005