4 0.3484375 0.11406250000000004 0.190625 0.11406250000000004 0.19062500000000002 0.2734375 0.3484375 0.2734375
4 0.6515625 6.419828142405266e-17 0.396875 4.860316984116058e-17 0.396875 0.12500000000000006 0.6515625 0.12500000000000008
4 0.2906250000000001 0.7484375 0.2093750000000001 0.7484375 0.2093750000000001 0.8375 0.2906250000000001 0.8375
4 0.3046875000000001 0.4609375 0.2312500000000001 0.4609375 0.2312500000000001 0.5109375 0.3046875000000001 0.5109375
4 0.66875 0.0015625000000000528 0.190625 0.0015625000000000235 0.19062500000000002 0.26875000000000004 0.66875 0.2687500000000001
4 0.5046875 0.0015625000000000552 0.3984375 0.0015625000000000487 0.3984375 0.04218750000000006 0.5046875 0.042187500000000065
1 0.41875 0.21718750000000003 0.3375 0.2171875 0.3375 0.30937500000000007 0.41875 0.30937500000000007
1 0.4234375000000001 0.6921875 0.3421875000000001 0.6921875 0.3421875000000001 0.7953125 0.4234375000000002 0.7953125
1 0.5546875 0.4234375 0.484375 0.4234375 0.484375 0.5015625 0.5546875 0.5015625
3 0.5250000000000001 0.6421875 0.3390625000000001 0.6421875 0.3390625000000001 0.9921875 0.5250000000000001 0.9921875
1 0.775 0.35625000000000007 0.703125 0.35625000000000007 0.703125 0.39531250000000007 0.775 0.39531250000000007
1 0.421875 0.36562500000000003 0.3390625000000001 0.365625 0.3390625000000001 0.490625 0.421875 0.490625
3 0.2015625 0.0031250000000000193 0.1171875 0.003125000000000014 0.11718750000000003 0.303125 0.2015625 0.303125
3 1 0.003125000000000113 0.846875 0.0031250000000001043 0.846875 0.5296875000000002 1 0.5296875000000002
4 0.646875 0.453125 0.5703125 0.453125 0.5703125 0.49375 0.646875 0.49375
1 0.4234375000000002 0.7921875 0.3437500000000001 0.7921875 0.3437500000000001 0.9640625 0.4234375000000002 0.9640625
1 0.3390625000000001 0.8078125 0.2765625000000001 0.8078125 0.2765625000000001 0.8921875 0.3390625000000001 0.8921875
3 0.21250000000000005 0.2796875 0.12031250000000004 0.2796875 0.12031250000000007 0.865625 0.21250000000000008 0.865625
4 0.2734375 0.06562500000000003 0.23125 0.06562500000000002 0.23125 0.08437500000000003 0.2734375 0.08437500000000005
3 0.5171875 0.27343750000000006 0.3296875 0.2734375 0.3296875 0.703125 0.5171875 0.703125
1 0.41875 0.30156250000000007 0.34375 0.3015625 0.34375 0.35000000000000003 0.41875 0.3500000000000001
1 0.55625 0.34843750000000007 0.4890625 0.34843750000000007 0.4890625 0.41875 0.55625 0.41875