1 0.996875 0.34843750000000007 4.267128690779059e-17 0.3484375 5.3960999587430256e-17 0.5328125000000001 0.996875 0.5328125000000001
1 0.3281250000000001 0.3859375 0.009375000000000046 0.3859375 0.009375000000000053 0.4953125 0.3281250000000001 0.4953125
1 0.990625 0.33281250000000007 0.85 0.33281250000000007 0.85 0.4156250000000002 0.990625 0.4156250000000002
1 0.25468750000000007 0.3890625 0.15937500000000004 0.3890625 0.15937500000000004 0.4484375 0.25468750000000007 0.4484375
1 0.13750000000000004 0.4046875 0.07656250000000005 0.4046875 0.07656250000000006 0.4625 0.13750000000000004 0.4625
2 0.3500000000000001 0.3765625 0.20312500000000008 0.3765625 0.20312500000000008 0.4390625 0.3500000000000001 0.4390625
1 0.4625 0.3765625000000001 0.40625 0.3765625000000001 0.40625 0.43125 0.4625 0.43125
1 0.521875 0.3703125000000001 0.3859375000000001 0.3703125000000001 0.3859375000000001 0.4609375 0.521875 0.4609375
2 0.84375 0.3859375000000001 0.7109375 0.3859375000000001 0.7109375 0.4296875000000001 0.84375 0.42968750000000017
1 0.14218750000000005 0.428125 0.02343750000000005 0.428125 0.023437500000000056 0.484375 0.14218750000000005 0.484375
1 0.5625000000000002 0.73125 0.17968750000000008 0.73125 0.1796875000000001 0.99375 0.5625000000000002 0.99375
1 0.2390625 0.004687500000000016 0.0359375 0.004687500000000004 0.035937500000000004 0.10468750000000002 0.2390625 0.10468750000000004
1 0.5484375 0.4875 0.2453125000000001 0.4875 0.2453125000000001 0.6703125 0.5484375 0.6703125
1 0.509375 0.16093750000000004 0.3546875 0.16093750000000004 0.3546875 0.25625000000000003 0.509375 0.2562500000000001
1 0.3734375000000001 0.4640625 0.004687500000000057 0.4640625 0.004687500000000073 0.7234375 0.3734375000000001 0.7234375
1 0.06875000000000006 0.4578125 0.0015625000000000562 0.4578125 0.0015625000000000604 0.528125 0.06875000000000006 0.528125
1 0.6984375 0.3781250000000001 0.58125 0.3781250000000001 0.58125 0.43125 0.6984375 0.43125
1 0.09531250000000009 0.6734375 0.05625000000000009 0.6734375 0.05625000000000009 0.7359375 0.09531250000000009 0.7359375
1 0.1687500000000001 0.63125 0.003125000000000078 0.63125 0.0031250000000000917 0.8578125 0.1687500000000001 0.8578125
1 0.7703125 0.30156250000000007 0.6859375 0.30156250000000007 0.6859375 0.3703125000000001 0.7703125 0.3703125000000001
2 0.7703125 0.4000000000000001 0.7046875 0.4 0.7046875 0.42656250000000007 0.7703125 0.4265625000000002
1 0.5484375 0.003125000000000049 0.265625 0.003125000000000032 0.265625 0.16406250000000006 0.5484375 0.16406250000000008
1 0.86875 0.3671875000000001 0.778125 0.3671875000000001 0.778125 0.4203125000000002 0.86875 0.4203125000000002
1 0.07343750000000006 0.3875 4.7455063466959936e-17 0.3875 5.195181343257913e-17 0.4609375 0.07343750000000007 0.4609375
2 0.5265625 0.428125 0.36406250000000007 0.428125 0.36406250000000007 0.49375 0.5265625 0.49375
1 0.2484375000000001 0.8640625 0.2218750000000001 0.8640625 0.2218750000000001 0.9140625 0.2484375000000001 0.9140625
1 0.465625 0.33281250000000007 0.434375 0.33281250000000007 0.434375 0.3734375000000001 0.465625 0.3734375000000001
1 0.30625 0.03125000000000003 0.2171875 0.03125000000000002 0.2171875 0.14531250000000004 0.30625 0.14531250000000004
1 1 0.0062500000000001 0.6390625 0.0062500000000000775 0.6390625 0.2234375000000001 1 0.2234375000000001
1 0.8140625 0.3515625000000001 0.7625 0.3515625000000001 0.7625 0.3937500000000001 0.8140625 0.3937500000000001
2 0.621875 0.3890625000000001 0.5890625 0.3890625000000001 0.5890625 0.4234375 0.621875 0.4234375
2 0.915625 0.36406250000000007 0.8953125 0.36406250000000007 0.8953125 0.3781250000000001 0.915625 0.3781250000000001
1 0.65 0.17500000000000007 0.4484375 0.17500000000000004 0.4484375 0.2734375000000001 0.65 0.2734375000000001