1 0.6765625000000001 7.242637710582394e-17 0.50625 6.199774420683476e-17 0.5062500000000001 0.9984375 0.6765625000000002 0.9984375
1 1 0.006250000000000103 0.671875 0.006250000000000084 0.6718750000000001 0.99375 1 0.99375
1 0.534375 0.001562500000000058 0.4125 0.0015625000000000506 0.4125 0.6265625 0.534375 0.6265625
1 0.6078125 0.25468750000000007 0.4984375 0.25468750000000007 0.4984375 0.4421875 0.6078125 0.4421875
1 0.675 7.692312707144312e-17 0.58125 7.11825952004399e-17 0.58125 0.5046875 0.675 0.5046875
1 0.7656250000000001 8.773446209516586e-17 0.6671875 8.170690363061247e-17 0.6671875 0.9453125 0.7656250000000002 0.9453125
1 0.6484375 0.3281250000000001 0.5046875 0.3281250000000001 0.5046875 0.5640625 0.6484375 0.5640625
1 0.26875 0.026562500000000027 0.1609375 0.026562500000000024 0.1609375 0.09531250000000002 0.26875 0.09531250000000002
1 0.2140625 0.08593750000000001 0.010937500000000011 0.0859375 0.01093750000000002 0.2546875 0.2140625 0.2546875
1 0.66875 0.009375000000000078 0.584375 0.009375000000000073 0.584375 0.11093750000000009 0.66875 0.11093750000000009
1 0.4890625 0.31718750000000007 0.2609375 0.3171875 0.26093750000000004 0.559375 0.4890625 0.559375
3 0.5171875000000001 0.5859375 0.2828125000000001 0.5859375 0.2828125000000001 0.9921875 0.5171875000000001 0.9921875
1 0.5234375 0.0015625000000000517 0.3203125 0.0015625000000000396 0.3203125 0.12500000000000006 0.5234375 0.12500000000000006
1 0.2500000000000001 0.4125 0.10312500000000005 0.4125 0.10312500000000005 0.5203125 0.2500000000000001 0.5203125
1 0.496875 0.0015625000000000556 0.40625 0.00156250000000005 0.40625 0.05937500000000005 0.496875 0.05937500000000007
1 0.2640625 0.15625000000000003 0.07031250000000003 0.15625 0.07031250000000003 0.353125 0.2640625 0.353125
1 0.6109375 0.007812500000000068 0.5046875 0.00781250000000006 0.5046875 0.2984375000000001 0.6109375 0.2984375000000001
1 0.9640625 0.2078125000000001 0.753125 0.2078125000000001 0.753125 0.4281250000000002 0.9640625 0.4281250000000002
1 1 1.0505173323935891e-16 0.715625 8.763878656398247e-17 0.715625 0.1640625000000001 1 0.16406250000000014
1 0.5765625 0.001562500000000066 0.5 0.001562500000000061 0.5 0.06875000000000006 0.5765625 0.06875000000000006
3 0.3156250000000001 0.4875 0.0031250000000000596 0.4875 0.0031250000000000834 0.8765625 0.3156250000000001 0.8765625
1 0.43750000000000017 0.840625 0.1359375000000001 0.840625 0.1359375000000001 0.996875 0.43750000000000017 0.996875
1 0.5468750000000001 0.2984375000000001 0.421875 0.2984375000000001 0.4218750000000001 1 0.5468750000000002 1
1 0.5015625 0.05781250000000006 0.3 0.057812500000000044 0.3 0.20781250000000004 0.5015625 0.2078125000000001
3 0.2750000000000001 0.7703125 9.433607374681956e-17 0.7703125 1.0840037683077745e-16 1 0.2750000000000001 1
1 0.8171875 0.7796875000000002 0.7953125000000002 0.7796875000000002 0.7953125000000002 0.8125 0.8171875 0.8125
1 0.6375 0.1140625000000001 0.6109375 0.1140625000000001 0.6109375 0.15625000000000008 0.6375 0.15625000000000008
1 0.503125 5.893612720896637e-17 0.459375 5.625721233583154e-17 0.459375 0.032812500000000064 0.503125 0.032812500000000064
1 1 0.023437500000000114 0.8609375 0.023437500000000104 0.8609375 0.3218750000000001 1 0.3218750000000001