1 0.9984375 0.4515625000000001 0.0031250000000000557 0.4515625 0.0031250000000000687 0.6671875 0.9984375 0.6671875000000002
1 0.6234375 0.49375 0.49375 0.49375 0.49375 0.571875 0.6234375 0.571875
1 0.25000000000000006 0.3609375 0.012500000000000044 0.3609375 0.012500000000000058 0.59375 0.2500000000000001 0.59375
1 0.8640625 0.3531250000000001 0.7140625 0.3531250000000001 0.7140625 0.4281250000000001 0.8640625 0.4281250000000002
1 0.2921875000000001 0.3703125 0.18906250000000005 0.3703125 0.18906250000000005 0.45625 0.2921875000000001 0.45625
1 0.9765625 0.3031250000000001 0.7984375 0.3031250000000001 0.7984375 0.4031250000000002 0.9765625 0.4031250000000002
1 0.7484375 0.4546875000000001 0.6140625 0.4546875 0.6140625 0.5515625000000001 0.7484375 0.5515625000000002
1 0.4828125000000001 0.70625 0.31718750000000007 0.70625 0.31718750000000007 0.8390625 0.4828125000000002 0.8390625
1 0.925 0.5984375000000001 0.63125 0.5984375 0.6312500000000001 0.8453125 0.925 0.8453125
1 0.6671875000000002 0.8359375 0.6000000000000002 0.8359375 0.6000000000000002 0.9046875 0.6671875000000002 0.9046875
1 1 0.6171875000000002 0.815625 0.6171875000000002 0.815625 0.8765625 1 0.8765625
1 1 0.7828125000000001 0.8453125 0.7828125000000001 0.8453125 0.98125 1 0.98125
1 0.4359375 4.018372309702253e-17 0.2203125 2.6980499793715128e-17 0.2203125 0.14687500000000003 0.4359375 0.14687500000000003
1 0.584375 0.16250000000000006 0.371875 0.16250000000000003 0.371875 0.34062500000000007 0.584375 0.34062500000000007
1 0.909375 0.7984375000000001 0.7015625000000002 0.7984375 0.7015625000000002 0.99375 0.909375 0.99375
1 0.865625 0.3375000000000001 0.825 0.3375000000000001 0.825 0.37968750000000007 0.865625 0.37968750000000007
1 0.6328125000000001 0.6046875 0.3187500000000001 0.6046875 0.3187500000000001 0.7484375 0.6328125000000002 0.7484375
1 0.3421875000000001 0.4109375 0.2171875000000001 0.4109375 0.2171875000000001 0.5515625 0.3421875000000001 0.5515625
1 0.5171875 0.43125 0.4703125 0.43125 0.4703125 0.4875 0.5171875 0.4875
1 0.19687500000000008 0.64375 0.009375000000000078 0.64375 0.009375000000000088 0.803125 0.19687500000000008 0.803125
1 0.3500000000000001 0.7578125 0.3156250000000001 0.7578125 0.3156250000000001 0.790625 0.3500000000000001 0.790625
1 0.246875 0.0046875000000000154 0.0046875 0.0046875 0.004687500000000012 0.1921875 0.246875 0.19218750000000004
1 0.6953125 0.09375000000000008 0.63125 0.09375000000000007 0.63125 0.1546875000000001 0.6953125 0.1546875000000001
2 0.6 0.4984375 0.528125 0.4984375 0.528125 0.521875 0.6 0.521875
1 0.34062500000000007 0.675 0.2765625000000001 0.675 0.2765625000000001 0.734375 0.34062500000000007 0.734375
1 0.590625 0.2515625000000001 0.51875 0.2515625000000001 0.51875 0.3968750000000001 0.590625 0.3968750000000001
1 0.4671875000000002 0.9546875 0.42968750000000017 0.9546875 0.42968750000000017 0.9875 0.4671875000000002 0.9875
1 0.13593750000000004 0.2578125 0.017187500000000033 0.2578125 0.01718750000000004 0.375 0.13593750000000004 0.375
1 0.6000000000000002 0.953125 0.5187500000000002 0.953125 0.5187500000000002 0.99375 0.6000000000000002 0.99375
1 1 0.006250000000000105 0.728125 0.006250000000000089 0.728125 0.23437500000000008 1 0.23437500000000008
1 0.6406250000000002 0.85625 0.6109375000000001 0.85625 0.6109375000000001 0.896875 0.6406250000000002 0.896875
2 0.23125 0.203125 0.16250000000000003 0.203125 0.16250000000000003 0.3265625 0.23125 0.3265625
2 0.421875 0.5625 0.3375000000000001 0.5625 0.3375000000000001 0.5921875 0.421875 0.5921875
2 1 0.4750000000000002 0.8984375 0.4750000000000002 0.8984375 0.5640625000000001 1 0.5640625000000001
1 0.4390625 0.684375 0.403125 0.684375 0.403125 0.71875 0.4390625 0.71875
1 0.08906250000000006 0.4421875 0.06093750000000005 0.4421875 0.060937500000000054 0.46875 0.08906250000000007 0.46875
1 0.3546875000000001 0.7859375 0.3343750000000001 0.7859375 0.3343750000000001 0.815625 0.3546875000000001 0.815625
1 0.996875 0.2015625000000001 0.9421875 0.2015625000000001 0.9421875 0.4109375000000002 0.996875 0.4109375000000002
1 0.035937500000000046 0.3234375 0.014062500000000039 0.3234375 0.014062500000000042 0.3515625 0.035937500000000046 0.3515625
1 0.7062500000000002 0.95 0.6765625000000002 0.95 0.6765625000000002 0.9859375 0.7062500000000002 0.9859375
1 0.4234375 0.00625000000000005 0.39375 0.006250000000000047 0.39375 0.04375000000000005 0.4234375 0.04375000000000005
2 0.3234375 0.03593750000000004 0.275 0.03593750000000003 0.275 0.11562500000000005 0.3234375 0.11562500000000005
1 0.7984375000000001 0.9328125 0.7671875000000001 0.9328125 0.7671875000000001 0.9828125 0.7984375000000001 0.9828125
1 0.4234375000000002 0.940625 0.3812500000000001 0.940625 0.3812500000000001 0.9703125 0.4234375000000002 0.9703125
1 0.7515625000000001 0.8515625 0.7296875000000002 0.8515625 0.7296875000000002 0.88125 0.7515625000000001 0.88125
1 0.38750000000000007 0.7828125 0.3421875000000001 0.7828125 0.3421875000000001 0.8140625 0.38750000000000007 0.8140625
2 0.8609375 0.4750000000000001 0.646875 0.475 0.646875 0.5765625000000001 0.8609375 0.5765625000000002
2 0.3843750000000001 0.5890625 0.2687500000000001 0.5890625 0.2687500000000001 0.6359375 0.3843750000000001 0.6359375
1 0.3031250000000001 0.5828125 0.014062500000000071 0.5828125 0.014062500000000078 0.665625 0.3031250000000001 0.665625
1 0.3843750000000001 0.8484375 0.3468750000000001 0.8484375 0.3468750000000001 0.9234375 0.3843750000000001 0.9234375
2 0.9078125 0.4593750000000002 0.7984375 0.4593750000000002 0.7984375 0.5234375000000002 0.9078125 0.5234375000000002