1 0.5250000000000001 0.4609375 0.453125 0.4609375 0.4531250000000001 0.9921875 0.5250000000000001 0.9921875
1 0.4953125000000001 0.06250000000000006 0.4 0.06250000000000004 0.4000000000000001 0.9984375 0.49531250000000016 0.9984375
3 0.3468750000000001 0.8359375 0.2968750000000001 0.8359375 0.2968750000000001 0.9234375 0.3468750000000001 0.9234375
3 0.80625 0.15781250000000008 0.671875 0.15781250000000008 0.671875 0.2250000000000001 0.80625 0.2250000000000001
1 0.9921875 0.2890625000000001 0.6140625 0.2890625000000001 0.6140625 0.5718750000000001 0.9921875 0.5718750000000001
1 0.6 0.012500000000000053 0.2625 0.012500000000000034 0.2625 0.35937500000000006 0.6 0.3593750000000001
1 0.7484375 0.4046875000000001 0.43125 0.4046875 0.43125 0.5140625000000001 0.7484375 0.5140625000000002
2 0.7000000000000001 0.4453125 0.4296875 0.4453125 0.4296875000000001 1 0.7000000000000002 1
1 0.4593750000000001 0.621875 0.4046875 0.621875 0.4046875000000001 0.765625 0.4593750000000002 0.765625
1 0.5046875 0.11406250000000004 0.4671875 0.11406250000000004 0.4671875 0.5671875 0.5046875 0.5671875
1 0.3984375000000001 0.4140625 0.2718750000000001 0.4140625 0.2718750000000001 0.5109375 0.3984375000000001 0.5109375
1 0.9640625 0.009375000000000099 0.6375 0.009375000000000078 0.6375 0.25468750000000007 0.9640625 0.25468750000000007
1 0.45 0.45 0.3234375000000001 0.45 0.3234375000000001 0.678125 0.45 0.678125
1 0.24687500000000004 0.23125 0.0015625000000000285 0.23125 0.0015625000000000424 0.45625 0.2468750000000001 0.45625
1 0.19531250000000006 0.23125 0.06406250000000002 0.23125 0.06406250000000004 0.3171875 0.19531250000000006 0.3171875
2 0.934375 0.02812500000000011 0.9 0.02812500000000011 0.9 0.1640625000000001 0.934375 0.16406250000000014
1 0.915625 0.1515625000000001 0.81875 0.1515625000000001 0.81875 0.5171875000000001 0.915625 0.5171875000000001
1 0.6859375 0.503125 0.578125 0.503125 0.578125 0.559375 0.6859375 0.559375
1 0.596875 0.007812500000000059 0.38125 0.007812500000000047 0.38125 0.13750000000000007 0.596875 0.1375000000000001
1 0.7796875 0.24218750000000008 0.734375 0.24218750000000008 0.734375 0.4546875000000002 0.7796875 0.4546875000000002
1 0.98125 0.7718750000000001 0.6000000000000002 0.771875 0.6000000000000002 0.996875 0.98125 0.996875
1 0.18593750000000003 0.09843750000000001 1.2055116929106758e-17 0.0984375 2.0665914735611586e-17 0.2390625 0.18593750000000003 0.2390625
1 0.759375 0.3500000000000001 0.6890625 0.3500000000000001 0.6890625 0.4328125000000001 0.759375 0.43281250000000016
2 0.834375 0.007812500000000099 0.778125 0.007812500000000094 0.778125 0.12500000000000008 0.834375 0.12500000000000008
1 0.39375 0.010937500000000024 0.0015625000000000014 0.0109375 0.0015625000000000177 0.27812500000000007 0.39375 0.27812500000000007
1 0.22656250000000008 0.4984375 6.104098889500089e-17 0.4984375 8.180257916179587e-17 0.8375 0.22656250000000008 0.8375
1 1 0.4515625000000002 0.7421875 0.4515625000000002 0.7421875000000001 0.825 1 0.825