1 0.5546875000000001 0.0015625000000000608 0.4359375 0.0015625000000000534 0.4359375000000001 0.996875 0.5546875000000002 0.996875
1 0.4859375000000001 0.6671875 0.446875 0.6671875 0.4468750000000001 0.9984375 0.4859375000000002 0.9984375
1 0.1671875000000001 0.3265625 0.059375000000000046 0.3265625 0.05937500000000009 1 0.16718750000000013 1
0 0.984375 0.0015625000000001154 0.9 0.0015625000000001102 0.9 0.17656250000000012 0.984375 0.17656250000000012
1 0.23593750000000005 0.02187500000000002 0.1015625 0.021875000000000012 0.10156250000000003 0.4484375 0.23593750000000008 0.4484375
0 0.8453125 0.3265625000000001 0.8265625 0.3265625000000001 0.8265625 0.3609375000000001 0.8453125 0.3609375000000001
0 0.9953125 0.2765625000000001 0.9453125 0.2765625000000001 0.9453125 0.35625000000000007 0.9953125 0.35625000000000007
1 0.54375 0.007812500000000066 0.5203125 0.007812500000000064 0.5203125 0.13750000000000004 0.54375 0.13750000000000004
0 0.7984375 0.3390625000000001 0.778125 0.3390625000000001 0.778125 0.3890625000000001 0.7984375 0.3890625000000001
3 1 0.17500000000000013 0.921875 0.17500000000000013 0.921875 0.9546875 1 0.9546875
1 0.7671875000000001 0.03750000000000009 0.70625 0.03750000000000009 0.70625 0.975 0.7671875000000001 0.975
3 0.06250000000000007 0.3890625 0.0015625000000000478 0.3890625 0.0015625000000000634 0.6484375 0.06250000000000008 0.6484375
1 0.9015625 0.0250000000000001 0.7125 0.025000000000000088 0.7125000000000001 0.9859375 0.9015625 0.9859375
3 0.04218750000000006 0.3921875 0.0015625000000000478 0.3921875 0.0015625000000000547 0.5015625 0.042187500000000065 0.5015625
0 0.4109375 0.22656250000000006 0.17500000000000004 0.2265625 0.17500000000000004 0.4609375 0.4109375 0.4609375
0 0.2546875 0.0031250000000000223 0.11875 0.003125000000000014 0.11875 0.08593750000000003 0.2546875 0.08593750000000003
0 0.3468750000000001 0.5140625 0.13437500000000005 0.5140625 0.13437500000000008 0.71875 0.3468750000000001 0.71875
0 0.0546875000000001 0.75625 0.0015625000000000922 0.75625 0.0015625000000000964 0.81875 0.05468750000000011 0.81875