4 0.996875 0.0015625000000000795 0.3015625 0.0015625000000000367 0.30156250000000007 0.996875 0.996875 0.996875
3 0.5640625000000001 0.7796875 0.3593750000000001 0.7796875 0.3593750000000001 0.99375 0.5640625000000001 0.99375
3 0.9859375 0.2593750000000001 0.6921875 0.2593750000000001 0.6921875 0.5265625 0.9859375 0.5265625000000002
4 0.734375 0.010937500000000072 0.4515625 0.010937500000000055 0.4515625 0.2921875000000001 0.734375 0.2921875000000001
1 0.4437500000000002 0.784375 0.40937500000000016 0.784375 0.40937500000000016 0.81875 0.4437500000000002 0.81875
1 0.6531250000000002 0.8265625 0.6171875000000002 0.8265625 0.6171875000000002 0.8671875 0.6531250000000002 0.8671875
1 0.4468750000000002 0.75625 0.41406250000000017 0.75625 0.41406250000000017 0.7890625 0.4468750000000002 0.7890625
4 0.69375 0.3890625000000001 0.4921875 0.3890625000000001 0.4921875 0.59375 0.69375 0.59375
1 0.565625 0.7171875 0.503125 0.7171875 0.503125 0.7703125 0.5656250000000002 0.7703125
4 0.5890625 0.2765625000000001 0.4421875 0.2765625000000001 0.4421875 0.3843750000000001 0.5890625 0.3843750000000001
1 0.4 0.634375 0.3671875000000001 0.634375 0.3671875000000001 0.6671875 0.4 0.6671875
1 0.4187500000000002 0.7296875 0.3859375000000001 0.7296875 0.3859375000000001 0.7671875 0.4187500000000002 0.7671875
1 0.5625000000000002 0.79375 0.5296875000000002 0.79375 0.5296875000000002 0.825 0.5625000000000002 0.825
1 0.4890625000000002 0.73125 0.4656250000000002 0.73125 0.4656250000000002 0.775 0.4890625000000002 0.775
1 0.575 0.65625 0.540625 0.65625 0.540625 0.696875 0.575 0.696875
1 0.4015625 0.6734375 0.3703125000000001 0.6734375 0.3703125000000001 0.7078125 0.4015625 0.7078125
1 0.4906250000000002 0.78125 0.4656250000000002 0.78125 0.4656250000000002 0.815625 0.4906250000000002 0.815625
1 0.3937500000000001 0.9328125 0.3625000000000001 0.9328125 0.3625000000000001 0.98125 0.3937500000000001 0.98125
1 0.3937500000000001 0.8609375 0.3656250000000001 0.8609375 0.3656250000000001 0.8921875 0.3937500000000001 0.8921875
1 0.4187500000000002 0.846875 0.3906250000000001 0.846875 0.3906250000000001 0.88125 0.4187500000000002 0.88125
1 0.42968750000000017 0.771875 0.3968750000000001 0.771875 0.3968750000000001 0.8125 0.42968750000000017 0.8125
4 0.6109375 0.004687500000000068 0.509375 0.004687500000000062 0.509375 0.14375000000000007 0.6109375 0.1437500000000001
1 0.3937500000000001 0.8265625 0.3625000000000001 0.8265625 0.3625000000000001 0.8625 0.3937500000000001 0.8625
1 0.4671875 0.61875 0.4390625 0.61875 0.4390625 0.6515625 0.4671875 0.6515625
1 0.5484375 0.6125 0.521875 0.6125 0.521875 0.646875 0.5484375 0.646875
1 0.4609375 0.5953125 0.4390625 0.5953125 0.4390625 0.6265625 0.4609375 0.6265625
1 0.3968750000000001 0.89375 0.3671875000000001 0.89375 0.3671875000000001 0.9296875 0.3968750000000001 0.9296875
1 0.484375 0.17812500000000003 0.3828125 0.17812500000000003 0.3828125 0.2906250000000001 0.484375 0.2906250000000001
1 0.4156250000000002 0.8046875 0.38750000000000007 0.8046875 0.38750000000000007 0.834375 0.4156250000000002 0.834375
4 0.6109375 0.11406250000000007 0.4921875 0.11406250000000004 0.4921875 0.25468750000000007 0.6109375 0.25468750000000007
1 0.4375 0.3546875000000001 0.40625 0.3546875000000001 0.40625 0.3968750000000001 0.4375 0.3968750000000001
1 0.965625 0.3000000000000001 0.9109375 0.3000000000000001 0.9109375 0.3625000000000001 0.965625 0.3625000000000001
1 0.4203125000000002 0.878125 0.39531250000000007 0.878125 0.39531250000000007 0.909375 0.4203125000000002 0.909375
1 1 0.2734375000000001 0.8796875 0.2734375000000001 0.8796875 0.41718750000000016 1 0.41718750000000016
1 0.3828125 0.04843750000000004 0.3390625 0.04843750000000004 0.3390625 0.08750000000000005 0.3828125 0.08750000000000005
1 0.3625000000000001 0.8015625 0.3390625000000001 0.8015625 0.3390625000000001 0.834375 0.3625000000000001 0.834375
1 0.56875 0.5953125 0.54375 0.5953125 0.54375 0.628125 0.56875 0.628125
1 0.809375 0.3453125000000001 0.7265625 0.3453125000000001 0.7265625 0.42500000000000016 0.809375 0.42500000000000016
4 0.503125 0.03593750000000005 0.3328125 0.035937500000000046 0.3328125 0.21875000000000006 0.503125 0.21875000000000008
1 0.5015625000000001 0.6546875 0.4484375 0.6546875 0.4484375000000001 0.734375 0.5015625000000001 0.734375
1 0.4812500000000002 0.7890625 0.40156250000000016 0.7890625 0.40156250000000016 0.8703125 0.4812500000000002 0.8703125
1 0.37500000000000006 0.32812500000000006 0.340625 0.328125 0.34062500000000007 0.3765625 0.3750000000000001 0.3765625000000001
1 0.6156250000000001 0.5734375 0.5640625 0.5734375 0.5640625000000001 0.978125 0.6156250000000002 0.978125
4 0.6421875 0.4171875 0.515625 0.4171875 0.515625 0.5125 0.6421875 0.5125
1 0.7765625 0.015625000000000087 0.6375 0.015625000000000076 0.6375 0.1359375000000001 0.7765625 0.1359375000000001
1 1 0.04531250000000012 0.915625 0.04531250000000011 0.915625 0.2468750000000001 1 0.2468750000000001
4 0.6109375 0.2390625000000001 0.48125 0.2390625000000001 0.48125 0.33281250000000007 0.6109375 0.33281250000000007
1 0.85625 0.1437500000000001 0.7125 0.1437500000000001 0.7125 0.3140625000000001 0.85625 0.3140625000000001
4 0.6468750000000001 0.6734375 0.56875 0.6734375 0.5687500000000001 0.7265625 0.6468750000000002 0.7265625
1 0.33125 0.19687500000000005 0.3046875 0.19687500000000005 0.3046875 0.25 0.33125 0.25
1 0.42187500000000017 0.9671875 0.39531250000000007 0.9671875 0.39531250000000007 1 0.42187500000000017 1
4 0.540625 0.353125 0.31875 0.353125 0.31875000000000003 0.4796875 0.540625 0.4796875
1 0.9875 0.057812500000000114 0.94375 0.057812500000000114 0.94375 0.0953125000000001 0.9875 0.0953125000000001
4 0.6859375 0.40625 0.596875 0.40625 0.596875 0.478125 0.6859375 0.478125
1 0.8828125 0.03437500000000011 0.778125 0.0343750000000001 0.778125 0.14843750000000008 0.8828125 0.14843750000000008
1 0.4671875 0.3515625000000001 0.4390625 0.3515625000000001 0.4390625 0.4265625 0.4671875 0.4265625
1 0.3468750000000001 0.715625 0.3203125000000001 0.715625 0.3203125000000001 0.8109375 0.3468750000000001 0.8109375
1 0.22812500000000005 0.032812500000000015 0.010937500000000003 0.0328125 0.010937500000000027 0.421875 0.22812500000000008 0.421875
1 0.3703125000000001 0.425 0.3359375000000001 0.425 0.3359375000000001 0.4578125 0.3703125000000001 0.4578125
4 0.1984375000000001 0.86875 0.03281250000000011 0.86875 0.03281250000000012 0.971875 0.19843750000000013 0.971875