4 0.6968750000000001 0.0031250000000000422 3.827021247335479e-19 0.003125 6.142369101973443e-17 1 0.6968750000000001 1
3 0.4015625000000001 0.659375 0.009375000000000081 0.659375 0.009375000000000102 0.9984375 0.40156250000000016 0.9984375
3 0.32500000000000007 0.184375 0.01562500000000002 0.184375 0.01562500000000004 0.4796875 0.32500000000000007 0.4796875
3 0.4046875 0.4109375 0.00781250000000005 0.4109375 0.007812500000000068 0.709375 0.4046875 0.709375
1 0.5375 0.2250000000000001 0.5109375 0.2250000000000001 0.5109375 0.2750000000000001 0.5375 0.2750000000000001
1 0.61875 0.2312500000000001 0.58125 0.2312500000000001 0.58125 0.2796875000000001 0.61875 0.2796875000000001
1 0.49375 0.2453125000000001 0.4453125 0.2453125000000001 0.4453125 0.2812500000000001 0.49375 0.2812500000000001
1 0.59375 0.17968750000000008 0.55625 0.17968750000000008 0.55625 0.21875000000000008 0.59375 0.21875000000000008
1 0.5375 0.18750000000000006 0.5125 0.18750000000000006 0.5125 0.2250000000000001 0.5375 0.2250000000000001
3 0.65625 0.15625000000000006 0.409375 0.15625000000000006 0.409375 0.415625 0.65625 0.415625
1 0.35625 0.14687500000000003 0.31875 0.14687500000000003 0.31875 0.19062500000000004 0.35625 0.19062500000000004
1 0.475 0.17656250000000004 0.4375 0.17656250000000004 0.4375 0.21093750000000008 0.475 0.21093750000000008
3 0.4234375 0.17968750000000006 0.2609375 0.17968750000000006 0.26093750000000004 0.38906250000000003 0.4234375 0.3890625000000001
1 0.12968750000000004 0.2875 0.08593750000000004 0.2875 0.08593750000000004 0.3203125 0.12968750000000004 0.3203125
1 0.303125 0.09843750000000004 0.2765625 0.09843750000000004 0.2765625 0.13750000000000004 0.303125 0.13750000000000004
1 0.6375 0.10781250000000009 0.60625 0.10781250000000009 0.60625 0.1453125000000001 0.6375 0.1453125000000001
2 0.996875 0.001562500000000098 0.6078125 0.0015625000000000742 0.6078125000000001 0.990625 0.996875 0.990625
1 0.325 0.08281250000000004 0.3 0.08281250000000004 0.3 0.11718750000000004 0.325 0.11718750000000004
1 0.16875000000000004 0.4640625 0.13125000000000003 0.4640625 0.13125000000000003 0.4984375 0.16875000000000004 0.4984375
1 0.4359375 0.2375000000000001 0.4015625 0.2375000000000001 0.4015625 0.2750000000000001 0.4359375 0.2750000000000001
1 0.6875 8.170690363061247e-17 0.646875 7.921933981984441e-17 0.646875 0.4234375 0.6875 0.4234375
1 0.525 0.3578125000000001 0.496875 0.3578125000000001 0.496875 0.3984375000000001 0.525 0.3984375000000001
1 0.5359375 0.03125000000000007 0.5 0.03125000000000007 0.5 0.06718750000000007 0.5359375 0.06718750000000007
1 0.640625 0.006250000000000077 0.6015625 0.006250000000000075 0.6015625 0.06718750000000008 0.640625 0.0671875000000001
1 0.3125 0.2703125 0.2796875 0.2703125 0.2796875 0.303125 0.3125 0.303125
1 0.615625 0.1671875000000001 0.5875 0.1671875000000001 0.5875 0.19687500000000008 0.615625 0.19687500000000008
3 0.1656250000000001 0.8171875 0.0250000000000001 0.8171875 0.025000000000000112 0.9859375 0.16562500000000013 0.9859375
1 0.340625 0.25625 0.3140625 0.25625 0.3140625 0.2890625 0.340625 0.2890625
1 0.315625 0.031250000000000035 0.2828125 0.031250000000000035 0.2828125 0.06718750000000004 0.315625 0.06718750000000004
1 0.09687500000000009 0.6359375 0.031250000000000076 0.6359375 0.03125000000000008 0.7046875 0.09687500000000009 0.7046875
1 0.11718750000000004 0.4015625 0.09218750000000005 0.4015625 0.09218750000000005 0.446875 0.11718750000000004 0.446875
1 0.4703125 0.2296875000000001 0.4421875 0.2296875000000001 0.4421875 0.2578125000000001 0.4703125 0.2578125000000001
1 0.2265625 0.10625000000000004 0.1921875 0.10625000000000004 0.1921875 0.13906250000000003 0.2265625 0.13906250000000003
4 0.240625 1.9709159423777714e-17 0.08125 9.950255243072244e-18 0.08125000000000002 0.09375000000000001 0.240625 0.09375000000000003
4 0.2328125 0.17031250000000003 0.1375 0.1703125 0.1375 0.2734375 0.2328125 0.2734375
4 0.17343750000000005 0.421875 0.10156250000000004 0.421875 0.10156250000000004 0.475 0.17343750000000005 0.475
4 0.10156250000000004 0.221875 0.018750000000000027 0.221875 0.01875000000000003 0.284375 0.10156250000000004 0.284375
1 0.4828125 0.05781250000000006 0.44375 0.057812500000000044 0.44375 0.09843750000000005 0.4828125 0.09843750000000007
1 0.09375000000000006 0.409375 0.00625000000000005 0.409375 0.006250000000000057 0.525 0.09375000000000007 0.525
4 0.4640625 0.05781250000000006 0.396875 0.057812500000000044 0.396875 0.16406250000000006 0.4640625 0.16406250000000006
1 0.05937500000000011 0.90625 0.01562500000000011 0.90625 0.015625000000000114 0.9421875 0.05937500000000011 0.9421875
1 0.6765625 7.988906853812813e-17 0.628125 7.692312707144312e-17 0.628125 0.20468750000000008 0.6765625 0.20468750000000008
4 0.09062500000000004 0.325 0.004687500000000041 0.325 0.004687500000000045 0.4109375 0.09062500000000004 0.4109375
4 0.1781250000000001 0.68125 0.09375000000000008 0.68125 0.09375000000000008 0.7859375 0.1781250000000001 0.7859375
4 0.5750000000000001 0.521875 0.4015625 0.521875 0.4015625000000001 1 0.5750000000000002 1