1 0.9984375 0.4453125000000001 0.0015625000000000547 0.4453125 0.0015625000000000686 0.675 0.9984375 0.6750000000000002
2 0.5296875 0.5578125 0.2671875000000001 0.5578125 0.2671875000000001 0.6125 0.5296875 0.6125
1 0.34687500000000004 0.2765625 0.021875000000000033 0.2765625 0.021875000000000044 0.459375 0.3468750000000001 0.459375
1 0.6171875 0.578125 0.03750000000000007 0.578125 0.037500000000000075 0.690625 0.6171875 0.690625
1 0.4625 0.23750000000000004 0.359375 0.2375 0.359375 0.30312500000000003 0.4625 0.3031250000000001
2 0.4265625 0.575 0.1218750000000001 0.575 0.1218750000000001 0.6140625 0.4265625 0.6140625
1 0.2656250000000001 0.59375 0.07500000000000007 0.59375 0.07500000000000008 0.6828125 0.2656250000000001 0.6828125
2 0.1750000000000001 0.5671875 0.04531250000000007 0.5671875 0.045312500000000075 0.596875 0.1750000000000001 0.596875
1 0.27812500000000007 0.6796875 0.012500000000000084 0.6796875 0.012500000000000091 0.834375 0.27812500000000007 0.834375
1 0.27031250000000007 0.675 0.1750000000000001 0.675 0.1750000000000001 0.7484375 0.27031250000000007 0.7484375
1 0.9828125 0.6890625000000001 0.014062500000000084 0.6890625 0.014062500000000103 0.9796875 0.9828125 0.9796875
1 0.171875 0.06562500000000002 0.1203125 0.06562500000000002 0.1203125 0.128125 0.171875 0.128125
1 0.534375 0.4453125 0.018750000000000055 0.4453125 0.01875000000000006 0.4875 0.534375 0.4875
1 0.25468750000000007 0.571875 0.1687500000000001 0.571875 0.1687500000000001 0.6046875 0.25468750000000007 0.6046875
1 0.16406250000000014 0.9328125 0.11875000000000013 0.9328125 0.11875000000000013 0.975 0.16406250000000014 0.975
1 0.5765625000000001 0.7234375 0.22812500000000008 0.7234375 0.22812500000000008 0.9234375 0.5765625000000002 0.9234375
1 0.184375 0.10000000000000002 0.07187500000000002 0.1 0.07187500000000002 0.2140625 0.18437500000000004 0.2140625
3 0.2828125 0.018750000000000027 0.1890625 0.018750000000000024 0.18906250000000002 0.325 0.2828125 0.325
3 1 0.028125000000000105 0.6921875 0.028125000000000087 0.6921875 0.3937500000000001 1 0.3937500000000001