1 0.6500000000000001 6.859935585848846e-17 0.4703125 5.759666977239896e-17 0.4703125000000001 0.9984375 0.6500000000000001 0.9984375
1 0.996875 0.020312500000000115 0.8953125 0.02031250000000011 0.8953125 1 0.996875 1
1 0.215625 0.153125 0.0015625000000000187 0.153125 0.0015625000000000313 0.35625 0.215625 0.35625
1 0.275 0.004687500000000017 0.0109375 0.0046875000000000016 0.01093750000000001 0.14843750000000003 0.275 0.14843750000000006
1 0.58125 0.06406250000000006 0.4953125 0.06406250000000006 0.4953125 0.646875 0.58125 0.646875
1 0.12500000000000006 0.196875 0.0015625000000000244 0.196875 0.001562500000000046 0.5578125 0.12500000000000008 0.5578125
1 0.3453125000000001 0.5296875 0.17031250000000003 0.5296875 0.17031250000000006 0.68125 0.3453125000000001 0.68125
1 0.20468750000000005 0.02812500000000001 3.444319122601931e-18 0.028125 6.17107176132846e-17 0.9796875 0.20468750000000008 0.9796875
1 0.4859375 0.4703125 0.3375000000000001 0.4703125 0.3375000000000001 0.634375 0.4859375 0.634375
1 0.4921875 4.4967499656191874e-17 0.2421875 2.9659414666849956e-17 0.2421875 0.16250000000000003 0.4921875 0.16250000000000003
1 0.3515625000000001 0.703125 0.2828125000000001 0.703125 0.2828125000000001 0.7671875 0.3515625000000001 0.7671875
1 0.2984375 0.009375000000000033 0.2171875 0.009375000000000027 0.2171875 0.09531250000000004 0.2984375 0.09531250000000005
1 0.5078125 5.836207402186604e-17 0.4453125 5.4535052774530576e-17 0.4453125 0.2875000000000001 0.5078125 0.2875000000000001
1 0.54375 5.903180274014976e-17 0.4203125 5.147343577666219e-17 0.4203125 0.5484375 0.54375 0.5484375
1 0.4140625 0.09375000000000003 0.11875 0.09375000000000003 0.11875000000000002 0.33906250000000004 0.4140625 0.3390625000000001
1 1 9.462310034036972e-17 0.5453125 6.678152076600411e-17 0.5453125 0.6203125 1 0.6203125000000002
1 0.471875 0.31718750000000007 0.17656250000000004 0.3171875 0.17656250000000004 0.5171875 0.471875 0.5171875
1 0.49218750000000017 0.7625 0.18750000000000008 0.7625 0.1875000000000001 0.9796875 0.49218750000000017 0.9796875
1 0.3000000000000001 0.478125 0.009375000000000059 0.478125 0.009375000000000067 0.63125 0.3000000000000001 0.63125
1 0.3218750000000001 0.3796875 0.13281250000000006 0.3796875 0.13281250000000006 0.5359375 0.3218750000000001 0.5359375
1 1 0.5703125000000002 0.7734375 0.5703125000000002 0.7734375000000001 0.9859375 1 0.9859375
1 1 0.004687500000000117 0.9140625 0.004687500000000113 0.9140625 0.3187500000000001 1 0.3187500000000001
2 0.10000000000000005 0.3046875 0.018750000000000037 0.3046875 0.018750000000000037 0.3328125 0.10000000000000005 0.3328125
1 1 0.01093750000000012 0.9703125 0.010937500000000119 0.9703125 0.11406250000000014 1 0.11406250000000014
1 0.9734375 0.009375000000000102 0.6796875 0.009375000000000083 0.6796875 0.2015625000000001 0.9734375 0.2015625000000001
1 0.032812500000000064 0.5328125 0.0015625000000000651 0.5328125 0.0015625000000000677 0.575 0.032812500000000064 0.575
1 0.7 0.007812500000000073 0.478125 0.007812500000000059 0.478125 0.3265625000000001 0.7 0.3265625000000001
2 0.03281250000000001 0.003125000000000002 0.0015625000000000007 0.003125 0.0015625000000000038 0.0578125 0.03281250000000001 0.0578125
2 0.515625 0.003125000000000061 0.4703125 0.0031250000000000583 0.4703125 0.06406250000000006 0.515625 0.06406250000000006
1 0.553125 0.040625000000000064 0.525 0.040625000000000064 0.525 0.07187500000000006 0.553125 0.07187500000000006
1 0.4203125000000002 0.7609375 0.3984375000000001 0.7609375 0.3984375000000001 0.7890625 0.4203125000000002 0.7890625
2 0.496875 0.0015625000000000593 0.46875 0.0015625000000000575 0.46875 0.03437500000000006 0.496875 0.03437500000000006