1 0.4312500000000001 4.458479753145833e-17 0.296875 3.6356701849687046e-17 0.29687500000000006 0.9984375 0.4312500000000002 0.9984375
1 0.24218750000000008 0.4796875 0.13437500000000005 0.4796875 0.13437500000000005 0.534375 0.24218750000000008 0.534375
1 1 0.3187500000000001 0.7125 0.3187500000000001 0.7125 0.5562500000000001 1 0.5562500000000001
1 0.76875 8.362041425428021e-17 0.596875 7.309610582410764e-17 0.596875 0.1593750000000001 0.76875 0.1593750000000001
1 0.3765625 0.0046875000000000415 0.3109375 0.004687500000000037 0.31093750000000003 0.43125 0.3765625000000001 0.43125
1 0.9921875 0.40937500000000016 0.928125 0.40937500000000016 0.928125 0.4421875000000002 0.9921875 0.4421875000000002
1 0.6453125 6.496368567351975e-17 0.415625 5.089938258956187e-17 0.415625 0.10468750000000007 0.6453125 0.10468750000000009
1 0.7984375 0.4343750000000002 0.76875 0.4343750000000002 0.76875 0.46406250000000016 0.7984375 0.46406250000000016
1 0.4421875 0.35937500000000006 0.3515625 0.359375 0.35156250000000006 0.4984375 0.4421875 0.4984375
1 0.4359375 0.14843750000000006 0.3453125 0.14843750000000006 0.3453125 0.30937500000000007 0.4359375 0.30937500000000007
1 0.2875000000000001 0.8234375 0.0328125000000001 0.8234375 0.03281250000000011 0.99375 0.2875000000000001 0.99375
1 0.3078125 0.02187500000000002 0.0031250000000000028 0.021875 0.0031250000000000054 0.07343750000000002 0.3078125 0.07343750000000004
2 0.35468750000000004 0.2796875 0.3046875 0.2796875 0.30468750000000006 0.4609375 0.3546875000000001 0.4609375
1 0.10625000000000011 0.8359375 0.0390625000000001 0.8359375 0.03906250000000011 0.9890625 0.10625000000000014 0.9890625
1 0.2531250000000001 0.5109375 0.018750000000000062 0.5109375 0.018750000000000065 0.5375 0.2531250000000001 0.5375
1 0.884375 0.014062500000000056 0.006250000000000003 0.0140625 0.0062500000000000056 0.06718750000000005 0.884375 0.06718750000000011
1 0.321875 0.3359375 0.2921875 0.3359375 0.29218750000000004 0.378125 0.3218750000000001 0.378125
1 0.08593750000000003 0.228125 0.04218750000000003 0.228125 0.04218750000000003 0.309375 0.08593750000000004 0.309375
1 0.99375 0.0015625000000001048 0.71875 0.0015625000000000881 0.71875 0.1562500000000001 0.99375 0.15625000000000014
3 0.27031250000000007 0.4734375 0.012500000000000056 0.4734375 0.012500000000000075 0.7796875 0.27031250000000007 0.7796875
1 0.203125 0.2265625 0.18281250000000004 0.2265625 0.18281250000000004 0.240625 0.203125 0.240625
2 0.34375 0.010937500000000041 0.31875 0.01093750000000004 0.31875 0.05312500000000005 0.34375 0.05312500000000005
2 0.353125 0.11093750000000005 0.3421875 0.11093750000000005 0.3421875 0.12656250000000005 0.353125 0.12656250000000005
1 0.421875 0.001562500000000046 0.3328125 0.0015625000000000409 0.3328125 0.10312500000000005 0.421875 0.10312500000000005
1 1 0.0015625000000000864 0.4109375 0.0015625000000000506 0.4109375 0.2687500000000001 1 0.2687500000000001
1 0.421875 4.601993049920913e-17 0.3296875 4.0375074159389303e-17 0.3296875 0.02968750000000005 0.421875 0.029687500000000054