0 0.996875 6.113666442618428e-17 0.0015625 1.9135106236677395e-19 0.001562500000000061 0.996875 0.996875 0.996875
4 0.2859375 2.2005372172179003e-17 0.0734375 8.993499931238374e-18 0.07343750000000002 0.17187500000000003 0.2859375 0.17187500000000006
3 0.6796875 0.0062500000000000585 0.278125 0.006250000000000033 0.27812500000000007 0.4859375 0.6796875 0.4859375
4 0.565625 0.409375 0.18125000000000005 0.409375 0.18125000000000008 0.9890625 0.5656250000000002 0.9890625
4 0.846875 0.1546875000000001 0.675 0.1546875000000001 0.675 0.32500000000000007 0.846875 0.32500000000000007
4 0.1921875 0.17500000000000002 0.003125000000000021 0.175 0.0031250000000000435 0.540625 0.19218750000000004 0.540625
4 1 0.14843750000000014 0.925 0.14843750000000014 0.925 0.30937500000000007 1 0.30937500000000007
3 1 9.557985565220359e-17 0.5609375 6.869503138967185e-17 0.5609375 0.5859375000000001 1 0.5859375000000002
3 0.290625 0.16718750000000002 0.109375 0.1671875 0.10937500000000003 0.5390625 0.2906250000000001 0.5390625
1 0.33906250000000004 3.568697313140334e-17 0.24375 2.985076572921674e-17 0.24375000000000005 0.7046875 0.3390625000000001 0.7046875
4 0.771875 0.0750000000000001 0.709375 0.0750000000000001 0.709375 0.11562500000000009 0.771875 0.11562500000000009
4 0.11562500000000002 0.07500000000000001 0.0031250000000000097 0.075 0.003125000000000019 0.23125 0.11562500000000005 0.23125
4 0.5640625 5.2143164494945905e-17 0.2875 3.5208595475486407e-17 0.2875 0.10781250000000006 0.5640625 0.10781250000000009
4 0.3656250000000001 0.5578125 0.1750000000000001 0.5578125 0.1750000000000001 0.821875 0.3656250000000001 0.821875
1 0.3031250000000001 0.65 7.960204194457795e-17 0.65 1.0103336092965664e-16 1 0.3031250000000001 1
4 0.28125 0.16562500000000002 0.1296875 0.165625 0.1296875 0.2984375 0.28125 0.2984375
4 0.490625 0.425 0.2750000000000001 0.425 0.2750000000000001 0.5796875 0.490625 0.5796875
3 0.2500000000000001 0.5046875 0.00781250000000006 0.5046875 0.007812500000000073 0.6765625 0.2500000000000001 0.6765625
4 0.09218750000000003 0.2515625 0.0031250000000000305 0.2515625 0.0031250000000000396 0.396875 0.09218750000000005 0.396875
4 0.08437500000000007 0.5234375 0.0015625000000000638 0.5234375 0.0015625000000000725 0.6609375 0.08437500000000009 0.6609375
4 0.09218750000000006 0.403125 0.0015625000000000493 0.403125 0.001562500000000057 0.5265625 0.09218750000000006 0.5265625
4 0.16875 0.1640625 0.07656250000000002 0.1640625 0.07656250000000003 0.325 0.16875000000000004 0.325
4 0.06718750000000004 0.1890625 0.0015625000000000229 0.1890625 0.0015625000000000302 0.3078125 0.06718750000000004 0.3078125
4 0.7125 0.06718750000000008 0.58125 0.06718750000000007 0.58125 0.1296875000000001 0.7125 0.1296875000000001
4 0.1015625 6.410260589286926e-18 0.003125 3.827021247335479e-19 0.003125000000000005 0.07812500000000001 0.1015625 0.07812500000000003
4 0.12187500000000004 0.2359375 0.05625000000000002 0.2359375 0.056250000000000036 0.334375 0.12187500000000004 0.334375