4 0.2796875000000001 0.6078125 0.012500000000000072 0.6078125 0.012500000000000086 0.8296875 0.2796875000000001 0.8296875
4 0.4781250000000001 0.5765625 0.22812500000000008 0.5765625 0.22812500000000008 0.8703125 0.4781250000000002 0.8703125
1 0.553125 0.026562500000000065 0.5234375 0.026562500000000065 0.5234375 0.15468750000000006 0.553125 0.1546875000000001
1 0.440625 0.0015625000000000274 0.003125 0.0015625000000000007 0.0031250000000000314 0.5140625 0.440625 0.5140625
1 0.4453125 5.003830280891139e-17 0.371875 4.55415528432922e-17 0.371875 0.2015625000000001 0.4453125 0.2015625000000001
1 0.8359375 0.00781250000000008 0.4796875 0.007812500000000059 0.4796875 0.26250000000000007 0.8359375 0.26250000000000007
4 1 0.17031250000000012 0.825 0.1703125000000001 0.825 0.3625000000000001 1 0.3625000000000001
4 0.9234375 0.003125000000000099 0.7078125 0.003125000000000086 0.7078125 0.19375000000000012 0.9234375 0.19375000000000014
4 0.4546875000000002 0.7734375 0.2171875000000001 0.7734375 0.2171875000000001 1 0.4546875000000002 1
1 0.16562500000000005 0.390625 0.08437500000000005 0.390625 0.08437500000000006 0.459375 0.16562500000000005 0.459375
2 0.5625 0.0062500000000000585 0.39375 0.006250000000000047 0.39375 0.27031250000000007 0.5625 0.27031250000000007
4 0.7546875 0.0015625000000000781 0.5203125 0.0015625000000000638 0.5203125 0.07187500000000008 0.7546875 0.07187500000000009
4 0.2218750000000001 0.8 9.797174393178826e-17 0.8 1.101225363920784e-16 0.9984375 0.2218750000000001 0.9984375
4 0.11718750000000008 0.68125 0.014062500000000084 0.68125 0.014062500000000085 0.7359375 0.11718750000000008 0.7359375
4 0.8765625 0.16406250000000006 0.5375 0.16406250000000006 0.5375000000000001 0.8421875 0.8765625 0.8421875
4 0.8171875 0.16250000000000006 0.5421875 0.16250000000000003 0.5421875 0.6140625000000001 0.8171875 0.6140625000000002