1 0.9984375 0.45781250000000007 5.606586127346476e-17 0.4578125 6.266747292511848e-17 0.565625 0.9984375 0.5656250000000002
1 0.4484375 0.4890625 5.989288252080025e-17 0.4890625 6.410260589286928e-17 0.5578125 0.4484375 0.5578125
2 0.9125 0.4734375000000002 0.7421875 0.4734375000000002 0.7421875 0.5000000000000002 0.9125 0.5000000000000002
2 0.44375 0.496875 0.3531250000000001 0.496875 0.3531250000000001 0.515625 0.44375 0.515625
2 0.2562500000000001 0.521875 0.06093750000000007 0.521875 0.06093750000000007 0.553125 0.2562500000000001 0.553125
2 0.996875 0.46406250000000016 0.9421875 0.46406250000000016 0.9421875 0.47968750000000016 0.996875 0.47968750000000016
1 0.4359375 0.4609375 0.010937500000000055 0.4609375 0.010937500000000057 0.48125 0.4359375 0.48125
3 0.7625 0.018750000000000076 0.465625 0.018750000000000055 0.465625 0.3531250000000001 0.7625 0.3531250000000001
1 0.2656250000000001 0.5765625 0.09531250000000006 0.5765625 0.09531250000000008 0.740625 0.2656250000000001 0.740625
3 0.3609375000000001 0.565625 6.926908457677216e-17 0.565625 9.557985565220359e-17 0.9953125 0.3609375000000001 0.9953125
1 0.3062500000000001 0.415625 0.20312500000000008 0.415625 0.20312500000000008 0.4609375 0.3062500000000001 0.4609375
1 0.4296875 0.4453125 0.3750000000000001 0.4453125 0.3750000000000001 0.4703125 0.4296875 0.4703125
1 0.09375000000000004 0.3890625 0.03281250000000004 0.3890625 0.03281250000000005 0.4328125 0.09375000000000004 0.4328125
1 0.6 0.3468750000000001 0.4375 0.3468750000000001 0.4375 0.4578125 0.6 0.4578125
2 0.4953125 0.496875 0.471875 0.496875 0.471875 0.50625 0.4953125 0.50625
1 0.10156250000000011 0.89375 0.0015625000000001096 0.89375 0.0015625000000001148 0.9796875 0.10156250000000014 0.9796875
1 0.2015625000000001 0.8359375 0.0031250000000001025 0.8359375 0.0031250000000001125 0.9953125 0.2015625000000001 0.9953125
1 0.2500000000000001 0.553125 0.006250000000000066 0.553125 0.006250000000000071 0.609375 0.2500000000000001 0.609375
1 0.29375000000000007 0.5609375 0.21250000000000008 0.5609375 0.21250000000000008 0.625 0.29375000000000007 0.625
1 0.16250000000000003 0.240625 2.9468063604483184e-17 0.240625 4.1618856064773335e-17 0.4390625 0.16250000000000003 0.4390625
2 0.09687500000000007 0.5484375 0.004687500000000067 0.5484375 0.004687500000000068 0.5671875 0.09687500000000007 0.5671875
1 0.9484375 0.27031250000000007 0.85625 0.27031250000000007 0.85625 0.3750000000000001 0.9484375 0.3750000000000001
1 0.9875 0.40625000000000017 0.9484375 0.40625000000000017 0.9484375 0.47187500000000016 0.9875 0.47187500000000016
1 0.4640625 0.290625 0.3109375 0.290625 0.31093750000000003 0.4046875 0.4640625 0.4046875
1 0.9890625 0.46875000000000017 0.9015625 0.46875000000000017 0.9015625 0.4968750000000002 0.9890625 0.4968750000000002
1 0.4328125 0.051562500000000046 0.28125 0.051562500000000046 0.28125 0.12968750000000004 0.4328125 0.12968750000000004
1 0.4703125000000001 0.559375 0.1687500000000001 0.559375 0.1687500000000001 0.83125 0.4703125000000002 0.83125
1 0.509375 0.19062500000000004 0.4578125 0.19062500000000004 0.4578125 0.2234375000000001 0.509375 0.2234375000000001
1 0.14531250000000004 0.221875 0.10468750000000004 0.221875 0.10468750000000004 0.2453125 0.14531250000000004 0.2453125
1 1 0.2375000000000001 0.9453125 0.2375000000000001 0.9453125 0.37187500000000007 1 0.37187500000000007
3 0.3625 0.04218750000000003 0.109375 0.04218750000000001 0.10937500000000003 0.2765625 0.3625 0.2765625
1 0.53125 0.4140625 0.3906250000000001 0.4140625 0.3906250000000001 0.4703125 0.53125 0.4703125
1 0.31718750000000007 0.628125 0.18125000000000008 0.628125 0.18125000000000008 0.753125 0.31718750000000007 0.753125
1 0.8546875 0.41875000000000007 0.625 0.41875 0.625 0.4640625000000001 0.8546875 0.46406250000000016
2 0.4484375000000001 0.5640625 0.3421875000000001 0.5640625 0.3421875000000001 0.728125 0.44843750000000016 0.728125
4 0.10468750000000009 0.61875 0.0031250000000000765 0.61875 0.0031250000000000886 0.8234375 0.10468750000000009 0.8234375
3 0.6421875 0.15781250000000008 0.4875 0.15781250000000005 0.4875 0.3312500000000001 0.6421875 0.3312500000000001
1 0.009375000000000062 0.4671875 5.72139676476654e-17 0.4671875 6.228477080038492e-17 0.55 0.009375000000000067 0.55