1 0.5437500000000001 5.96058559272501e-17 0.4296875 5.262154215086284e-17 0.4296875000000001 0.9984375 0.5437500000000002 0.9984375
2 0.5296875 0.02812500000000006 0.49375 0.028125000000000056 0.49375 0.3453125000000001 0.5296875 0.3453125000000001
2 0.49687500000000007 0.68125 0.4375 0.68125 0.4375000000000001 0.990625 0.4968750000000002 0.990625
2 0.4781250000000002 0.75 0.44843750000000016 0.75 0.44843750000000016 0.85 0.4781250000000002 0.85
2 0.5375 0.001562500000000065 0.5203125 0.0015625000000000638 0.5203125 0.06406250000000006 0.5375 0.06406250000000006
1 0.5 5.683126552293186e-17 0.428125 5.2430191088496056e-17 0.428125 0.2921875000000001 0.5 0.2921875000000001
1 0.4625 0.0015625000000000287 0.0078125 0.0015625000000000007 0.007812500000000003 0.045312500000000026 0.4625 0.045312500000000054
3 0.20937500000000003 0.17812500000000003 0.0031250000000000223 0.178125 0.003125000000000048 0.603125 0.2093750000000001 0.603125
2 0.4500000000000002 0.9234375 0.4343750000000002 0.9234375 0.4343750000000002 0.9859375 0.4500000000000002 0.9859375
1 0.5421875 0.2375000000000001 0.49375 0.2375000000000001 0.49375 0.33281250000000007 0.5421875 0.33281250000000007
1 0.1875000000000001 0.81875 0.0062500000000001 0.81875 0.006250000000000111 0.9984375 0.18750000000000014 0.9984375
1 0.17656250000000004 0.3359375 0.09687500000000004 0.3359375 0.09687500000000004 0.3921875 0.17656250000000004 0.3921875
3 1 0.004687500000000099 0.6109375 0.004687500000000075 0.6109375 0.2828125000000001 1 0.2828125000000001
1 0.540625 0.19375000000000003 0.49375 0.19375000000000003 0.49375 0.5046875 0.540625 0.5046875
1 0.478125 0.21093750000000008 0.4234375 0.21093750000000008 0.4234375 0.28593750000000007 0.478125 0.28593750000000007
1 0.29687500000000006 0.284375 0.10781250000000005 0.284375 0.10781250000000005 0.509375 0.2968750000000001 0.509375
1 0.7015625 0.29375000000000007 0.5546875 0.29375000000000007 0.5546875 0.5265625 0.7015625 0.5265625
1 0.7765625 0.0046875000000000866 0.6390625 0.004687500000000078 0.6390625 0.06562500000000009 0.7765625 0.06562500000000009
1 0.10937500000000004 0.453125 0.06875000000000005 0.453125 0.06875000000000006 0.50625 0.10937500000000004 0.50625
1 0.35937500000000006 0.29375 0.3046875 0.29375 0.30468750000000006 0.365625 0.3593750000000001 0.365625
1 0.38281250000000006 0.28125000000000006 0.2359375 0.28125 0.23593750000000005 0.509375 0.3828125000000001 0.509375
1 0.6328125 0.4328125 0.5734375 0.4328125 0.5734375 0.4875 0.6328125 0.4875
0 1 0.24218750000000008 0.728125 0.24218750000000008 0.728125 0.4515625000000002 1 0.4515625000000002
1 0.10937500000000004 0.3671875 0.03281250000000004 0.3671875 0.03281250000000005 0.4421875 0.10937500000000004 0.4421875
1 0.534375 0.006250000000000033 0.009375 0.00625 0.009375000000000012 0.17343750000000002 0.534375 0.17343750000000005
1 0.22500000000000003 0.3296875 0.18125000000000005 0.3296875 0.18125000000000005 0.390625 0.2250000000000001 0.390625
2 0.159375 0.007812500000000017 0.1265625 0.007812500000000017 0.1265625 0.03437500000000002 0.159375 0.034375000000000024
1 0.4015625 0.55625 0.18750000000000008 0.55625 0.18750000000000008 0.6765625 0.4015625 0.6765625
3 0.22656250000000008 0.584375 7.156529732517345e-17 0.584375 8.658635572096521e-17 0.8296875 0.22656250000000008 0.8296875
1 0.13906250000000003 0.1921875 0.07343750000000002 0.1921875 0.07343750000000003 0.275 0.13906250000000003 0.275
1 0.44218750000000007 0.70625 0.37187500000000007 0.70625 0.37187500000000007 0.7796875 0.4421875000000002 0.7796875
1 0.3312500000000001 0.7796875 0.2656250000000001 0.7796875 0.2656250000000001 0.8515625 0.3312500000000001 0.8515625
1 0.2640625 0.04843750000000002 0.065625 0.04843750000000001 0.06562500000000002 0.18593750000000003 0.2640625 0.18593750000000003
1 0.7484375 0.0062500000000000775 0.525 0.006250000000000064 0.525 0.3281250000000001 0.7484375 0.3281250000000001
1 0.3671875000000001 0.7234375 0.2296875000000001 0.7234375 0.2296875000000001 0.80625 0.3671875000000001 0.80625
1 0.6 0.01250000000000007 0.528125 0.012500000000000067 0.528125 0.06718750000000007 0.6 0.06718750000000007
1 0.4265625000000002 0.9484375 0.4046875000000002 0.9484375 0.4046875000000002 0.990625 0.4265625000000002 0.990625
0 0.8171875 0.3546875000000001 0.653125 0.3546875000000001 0.653125 0.5250000000000001 0.8171875 0.5250000000000001
1 0.05312500000000005 0.2734375 0.021875000000000033 0.2734375 0.021875000000000037 0.3046875 0.05312500000000005 0.3046875
1 0.9890625 0.0015625000000000922 0.5140625 0.0015625000000000632 0.5140625 0.05156250000000009 0.9890625 0.05156250000000011
1 0.5484375 0.23593750000000008 0.4984375 0.23593750000000008 0.4984375 0.2687500000000001 0.5484375 0.2687500000000001