1 0.9984375 0.35000000000000003 4.286263797015736e-17 0.35 4.9942627277728005e-17 0.46562500000000007 0.9984375 0.4656250000000002
1 0.1765625 0.006250000000000011 0.0046875000000000016 0.00625 0.0046875000000000085 0.1203125 0.1765625 0.1203125
1 0.2546875 0.14218750000000002 0.042187500000000024 0.1421875 0.04218750000000003 0.28125 0.2546875 0.28125
1 1 0.00781250000000011 0.79375 0.007812500000000097 0.79375 0.13906250000000012 1 0.13906250000000014
1 0.4921875000000001 0.515625 0.14843750000000006 0.515625 0.14843750000000006 0.74375 0.49218750000000017 0.74375
1 0.3734375000000001 0.4328125 0.0031250000000000526 0.4328125 0.0031250000000000687 0.690625 0.3734375000000001 0.690625
1 0.825 0.18750000000000008 0.73125 0.18750000000000008 0.73125 0.2500000000000001 0.825 0.2500000000000001
1 0.7453125 0.12500000000000006 0.4265625 0.12500000000000006 0.4265625 0.3500000000000001 0.7453125 0.3500000000000001
1 0.6640625 0.0015625000000000701 0.484375 0.001562500000000059 0.484375 0.08750000000000008 0.6640625 0.08750000000000009
1 0.4203125 0.004687500000000026 0.0046875 0.0046875 0.004687500000000012 0.19062500000000002 0.4203125 0.19062500000000004
1 0.32343750000000004 0.346875 0.2234375 0.346875 0.22343750000000004 0.4125 0.3234375000000001 0.4125
1 0.675 0.25781250000000006 0.315625 0.2578125 0.31562500000000004 0.409375 0.675 0.409375
1 0.42968750000000017 0.7921875 0.0328125000000001 0.7921875 0.03281250000000011 0.9953125 0.42968750000000017 0.9953125
1 0.3000000000000001 0.3859375 0.009375000000000046 0.3859375 0.009375000000000052 0.4546875 0.3000000000000001 0.4546875
1 0.6734375 0.20312500000000008 0.6484375 0.20312500000000008 0.6484375 0.2390625000000001 0.6734375 0.2390625000000001
1 1 0.028125000000000105 0.7 0.028125000000000087 0.7 0.3203125000000001 1 0.3203125000000001
1 0.4484375 0.3031250000000001 0.4078125 0.3031250000000001 0.4078125 0.3437500000000001 0.4484375 0.3437500000000001
1 0.9078125 0.2484375000000001 0.4765625 0.2484375000000001 0.4765625 0.44218750000000007 0.9078125 0.4421875000000002
1 0.0921875 0.03125000000000001 0.03125 0.03125 0.03125000000000001 0.08593750000000001 0.0921875 0.08593750000000003
1 0.9796875 0.006250000000000114 0.890625 0.006250000000000108 0.890625 0.08593750000000011 0.9796875 0.08593750000000011
1 0.20625000000000004 0.04062500000000001 4.975127621536122e-18 0.040625 2.965941466684996e-17 0.44375 0.2062500000000001 0.44375
1 0.2 0.17500000000000002 0.1796875 0.175 0.17968750000000003 0.19843750000000002 0.2 0.19843750000000004
1 0.9578125 0.018750000000000114 0.9234375 0.01875000000000011 0.9234375 0.050000000000000114 0.9578125 0.050000000000000114
1 0.09062500000000007 0.521875 0.07343750000000007 0.521875 0.07343750000000007 0.5421875 0.09062500000000007 0.5421875
1 0.1703125000000001 0.734375 0.1515625000000001 0.734375 0.1515625000000001 0.75 0.1703125000000001 0.75
1 0.07656250000000009 0.75625 0.05156250000000009 0.75625 0.05156250000000009 0.778125 0.07656250000000009 0.778125