4 0.4156250000000001 0.509375 0.2531250000000001 0.509375 0.2531250000000001 0.8328125 0.4156250000000002 0.8328125
1 0.484375 0.025000000000000057 0.4359375 0.025000000000000057 0.4359375 0.2062500000000001 0.484375 0.2062500000000001
1 0.465625 0.0031250000000000284 0.003125 0.003125 0.0031250000000000258 0.4234375 0.465625 0.4234375
1 0.840625 7.912366428866102e-17 0.4515625 5.5300457023997667e-17 0.4515625 0.21875000000000008 0.840625 0.21875000000000008
1 0.99375 0.00781250000000006 0.0031250000000000015 0.0078125 0.0031250000000000618 0.9921875 0.99375 0.9921875
1 0.5625 6.132801548855105e-17 0.4390625 5.376964852506348e-17 0.4390625 0.2390625000000001 0.5625 0.2390625000000001
1 0.771875 0.18281250000000007 0.41875 0.18281250000000004 0.41875 0.41093750000000007 0.771875 0.4109375000000002
3 0.2984375000000001 0.578125 0.0015625000000000708 0.578125 0.001562500000000083 0.778125 0.2984375000000001 0.778125
1 0.24531250000000004 0.19843750000000002 0.010937500000000025 0.1984375 0.010937500000000037 0.415625 0.2453125000000001 0.415625
4 0.10156250000000003 0.023437500000000007 0.0015625000000000027 0.0234375 0.001562500000000013 0.1921875 0.10156250000000004 0.1921875
2 1 1.0782632364367712e-16 0.7609375 9.318796737261892e-17 0.7609375 0.4109375000000002 1 0.4109375000000002
4 0.5140625000000001 0.6140625 0.44375 0.6140625 0.4437500000000001 0.7640625 0.5140625000000002 0.7640625
1 0.06093750000000005 0.2734375 0.012500000000000034 0.2734375 0.012500000000000039 0.3828125 0.06093750000000005 0.3828125
4 0.215625 0.026562500000000017 0.0671875 0.02656250000000001 0.06718750000000001 0.1921875 0.215625 0.19218750000000004
4 0.3234375000000001 0.5703125 0.2578125000000001 0.5703125 0.2578125000000001 0.64375 0.3234375000000001 0.64375
2 0.6453125000000002 0.8390625 0.009375000000000102 0.8390625 0.009375000000000112 0.9984375 0.6453125000000002 0.9984375
4 0.08750000000000008 0.56875 6.965178670150572e-17 0.56875 8.208960575534602e-17 0.771875 0.08750000000000009 0.771875
1 0.29375000000000007 0.553125 0.034375000000000065 0.553125 0.03437500000000007 0.5953125 0.29375000000000007 0.5953125
4 0.31718750000000007 0.8078125 0.0078125000000001 0.8078125 0.007812500000000108 0.94375 0.31718750000000007 0.94375
1 0.1468750000000001 0.58125 0.05468750000000007 0.58125 0.054687500000000076 0.7875 0.1468750000000001 0.7875
4 0.3968750000000001 0.6234375 0.3453125000000001 0.6234375 0.3453125000000001 0.684375 0.3968750000000001 0.684375