1 0.9984375 0.012500000000000112 0.8265625 0.0125000000000001 0.8265625 0.9484375 0.9984375 0.9484375
1 0.890625 0.017187500000000105 0.8375 0.0171875000000001 0.8375 0.3531250000000001 0.890625 0.3531250000000001
1 0.98125 0.5281250000000001 0.0031250000000000652 0.528125 0.003125000000000077 0.7265625000000001 0.98125 0.7265625000000002
1 0.32500000000000007 0.6140625 0.009375000000000074 0.6140625 0.009375000000000078 0.6609375 0.32500000000000007 0.6609375
1 0.9984375 0.020312500000000115 0.865625 0.020312500000000105 0.865625 0.1796875000000001 0.9984375 0.17968750000000014
1 0.9859375 0.3140625000000001 0.8359375 0.3140625000000001 0.8359375 0.3421875000000001 0.9859375 0.3421875000000001
3 0.4281250000000001 0.634375 0.2078125000000001 0.634375 0.2078125000000001 1 0.4281250000000002 1
1 0.990625 0.3281250000000001 0.8515625 0.3281250000000001 0.8515625 0.4812500000000002 0.990625 0.4812500000000002
1 0.8203125 0.3109375000000001 0.5859375 0.3109375000000001 0.5859375 0.45000000000000007 0.8203125 0.4500000000000002
3 0.25468750000000007 0.6453125 0.001562500000000079 0.6453125 0.0015625000000000996 0.9828125 0.25468750000000007 0.9828125
1 0.89375 0.014062500000000108 0.8578125 0.014062500000000106 0.8578125 0.1453125000000001 0.89375 0.1453125000000001
1 0.625 0.34062500000000007 0.43125 0.34062500000000007 0.43125 0.5046875 0.625 0.5046875
1 0.840625 0.014062500000000103 0.8078125 0.0140625000000001 0.8078125 0.3187500000000001 0.840625 0.3187500000000001
1 0.2312500000000001 0.428125 0.09218750000000005 0.428125 0.09218750000000006 0.5171875 0.2312500000000001 0.5171875
1 0.5140625 0.38125000000000003 0.2640625000000001 0.38125 0.2640625000000001 0.5328125 0.5140625 0.5328125
1 0.2890625 0.010937500000000018 1.3394574365674175e-18 0.0109375 1.6934569019459492e-17 0.265625 0.2890625 0.265625
1 0.3046875000000001 0.5015625 0.2562500000000001 0.5015625 0.2562500000000001 0.5421875 0.3046875000000001 0.5421875
1 0.875 0.017187500000000102 0.825 0.0171875000000001 0.825 0.1140625000000001 0.875 0.1140625000000001
2 0.465625 0.6015625 0.2140625000000001 0.6015625 0.2140625000000001 0.6390625 0.465625 0.6390625
1 0.665625 0.01093750000000007 0.4953125 0.010937500000000062 0.4953125 0.11250000000000007 0.665625 0.11250000000000009
1 0.2890625000000001 0.69375 0.25468750000000007 0.69375 0.25468750000000007 0.76875 0.2890625000000001 0.76875
1 0.3859375000000001 0.6765625 0.2609375000000001 0.6765625 0.2609375000000001 0.778125 0.3859375000000001 0.778125
1 0.3296875000000001 0.878125 0.06718750000000011 0.878125 0.06718750000000012 1 0.3296875000000001 1
1 0.15625000000000006 0.459375 0.11875000000000005 0.459375 0.11875000000000005 0.5046875 0.15625000000000006 0.5046875
1 0.8578125 0.30937500000000007 0.8234375 0.30937500000000007 0.8234375 0.3312500000000001 0.8578125 0.3312500000000001