4 0.59375 0.22500000000000003 0.2984375 0.225 0.2984375 0.39531250000000007 0.59375 0.39531250000000007
1 0.9953125 0.0015625000000000615 0.003125 0.0015625000000000007 0.003125000000000061 0.9953125 0.9953125 0.9953125
1 0.9734375 9.605823330812052e-17 0.5953125 7.290475476174086e-17 0.5953125 0.2640625000000001 0.9734375 0.2640625000000001
1 0.7390625 0.3531250000000001 0.659375 0.3531250000000001 0.659375 0.3781250000000001 0.7390625 0.3781250000000001
1 0.8078125 0.43281250000000016 0.7390625 0.43281250000000016 0.7390625 0.45625000000000016 0.8078125 0.45625000000000016
4 0.428125 0.20781250000000004 0.20625 0.2078125 0.20625000000000004 0.4109375 0.428125 0.4109375
1 0.86875 0.46093750000000017 0.809375 0.46093750000000017 0.809375 0.47656250000000017 0.86875 0.47656250000000017
2 0.4578125000000002 0.7625 9.337931843498569e-17 0.7625 1.0792199917486051e-16 1 0.4578125000000002 1
1 0.753125 0.3500000000000001 0.728125 0.3500000000000001 0.728125 0.4125000000000002 0.753125 0.4125000000000002
1 0.26875000000000004 0.3296875 0.2 0.3296875 0.20000000000000004 0.415625 0.2687500000000001 0.415625
4 0.2609375000000001 0.39375 0.0015625000000000478 0.39375 0.0015625000000000651 0.675 0.2609375000000001 0.675
4 0.975 0.3000000000000001 0.8625 0.3000000000000001 0.8625 0.46875000000000017 0.975 0.46875000000000017
4 0.4 0.23437500000000006 0.3390625 0.234375 0.3390625 0.28906250000000006 0.4 0.2890625000000001
1 0.609375 0.3500000000000001 0.5328125 0.3500000000000001 0.5328125 0.4796875 0.609375 0.4796875
4 0.6640625 0.11250000000000007 0.434375 0.11250000000000004 0.434375 0.2390625000000001 0.6640625 0.2390625000000001
1 0.2546875 0.007812500000000016 0.0031250000000000015 0.0078125 0.003125000000000016 0.2484375 0.2546875 0.2484375
1 0.6640625 0.46875 0.5953125 0.46875 0.5953125 0.4875 0.6640625 0.4875
4 0.353125 2.9276712542116413e-17 0.125 1.5308084989341915e-17 0.125 0.15156250000000002 0.353125 0.15156250000000004
4 0.9078125 0.003125000000000102 0.7609375 0.003125000000000093 0.7609375 0.10937500000000011 0.9078125 0.10937500000000014
2 0.8046875 0.2171875000000001 0.6828125 0.2171875000000001 0.6828125 0.2828125000000001 0.8046875 0.2828125000000001
1 0.603125 0.0015625000000000565 0.321875 0.0015625000000000396 0.321875 0.11562500000000006 0.603125 0.11562500000000009
3 0.915625 0.1546875000000001 0.3625 0.15468750000000003 0.36250000000000004 0.9515625 0.915625 0.9515625