1 0.7343750000000001 0.15312500000000007 0.4578125 0.15312500000000004 0.45781250000000007 0.9609375 0.7343750000000002 0.9609375
1 0.5687500000000001 0.478125 0.46875 0.478125 0.4687500000000001 0.93125 0.5687500000000002 0.93125
1 0.4953125 0.0015625000000000582 0.4578125 0.0015625000000000562 0.4578125 0.16250000000000003 0.4953125 0.16250000000000003
1 0.99375 0.001562500000000061 0.0046875 0.0015625000000000007 0.004687500000000034 0.5421875 0.99375 0.5421875000000002
1 0.484375 0.0031250000000000583 0.4625 0.003125000000000057 0.4625 0.056250000000000064 0.484375 0.056250000000000064
2 0.709375 0.16406250000000008 0.6859375 0.16406250000000008 0.6859375 0.22031250000000008 0.709375 0.22031250000000008
1 0.6609375000000001 0.36718750000000006 0.27031250000000007 0.3671875 0.27031250000000007 0.728125 0.6609375000000002 0.728125
2 0.30468750000000006 0.3265625 0.203125 0.3265625 0.20312500000000006 0.428125 0.3046875000000001 0.428125
1 0.3109375 0.003125000000000019 3.827021247335479e-19 0.003125 1.8082675393660138e-17 0.2921875 0.3109375 0.2921875
1 0.19062500000000004 0.14218750000000002 1.741294667537643e-17 0.1421875 4.228858478305704e-17 0.5484375 0.1906250000000001 0.5484375
1 0.45625 0.35625000000000007 0.21875 0.35625 0.21875000000000006 0.5953125 0.45625 0.5953125
1 1 0.003125000000000091 0.4828125 0.0031250000000000596 0.4828125 0.16406250000000008 1 0.16406250000000014
1 0.490625 0.05937500000000007 0.465625 0.05937500000000007 0.465625 0.08906250000000007 0.490625 0.08906250000000007
1 0.5359375000000002 0.7984375 0.4625000000000002 0.7984375 0.4625000000000002 0.9609375 0.5359375000000002 0.9609375
1 0.10781250000000002 0.007812500000000007 9.567553118338697e-19 0.0078125 1.607348923880901e-17 0.2546875 0.10781250000000005 0.2546875
1 1 0.014062500000000103 0.6796875 0.014062500000000084 0.6796875000000001 0.9921875 1 0.9921875