1 0.996875 6.104098889500089e-17 0 0 6.104098889500089e-17 0.996875 0.996875 0.996875
4 0.228125 0.1375 0.006250000000000017 0.1375 0.006250000000000028 0.31875 0.228125 0.31875
1 0.3921875 0.02031250000000004 0.209375 0.02031250000000003 0.20937500000000003 0.95625 0.3921875000000001 0.95625
4 0.3000000000000001 0.5671875 0.1859375000000001 0.5671875 0.1859375000000001 0.634375 0.3000000000000001 0.634375
3 0.4828125000000001 0.5796875 0.09062500000000007 0.5796875 0.0906250000000001 0.9828125 0.4828125000000002 0.9828125
4 0.7171875 0.13437500000000008 0.625 0.13437500000000008 0.625 0.19687500000000008 0.7171875 0.19687500000000008
4 0.509375 0.3062500000000001 0.4140625 0.3062500000000001 0.4140625 0.4109375 0.509375 0.4109375
4 0.8484375 0.1390625000000001 0.7625 0.1390625000000001 0.7625 0.19531250000000008 0.8484375 0.19531250000000008
4 0.6953125 0.446875 0.6 0.446875 0.6 0.509375 0.6953125 0.509375
4 0.484375 0.6625 0.3781250000000001 0.6625 0.3781250000000001 0.7234375 0.484375 0.7234375
4 0.38281250000000006 0.28906250000000006 0.2 0.2890625 0.20000000000000004 0.4546875 0.3828125000000001 0.4546875
4 0.36875 0.28593750000000007 0.2890625 0.2859375 0.2890625 0.36250000000000004 0.36875 0.3625000000000001
4 0.55 0.2000000000000001 0.4671875 0.2000000000000001 0.4671875 0.2578125000000001 0.55 0.2578125000000001
4 0.5828125 0.4203125 0.5046875 0.4203125 0.5046875 0.4734375 0.5828125 0.4734375
4 0.10781250000000012 0.8484375 1.0390362686515824e-16 0.8484375 1.0859172789314419e-16 0.925 0.10781250000000013 0.925
4 0.290625 0.33125 0.2078125 0.33125 0.20781250000000004 0.4 0.2906250000000001 0.4
4 0.5953125 0.040625000000000064 0.4828125 0.04062500000000006 0.4828125 0.12343750000000006 0.5953125 0.12343750000000009
4 0.365625 0.05781250000000003 0.26875 0.057812500000000024 0.26875 0.11718750000000004 0.365625 0.11718750000000004
4 0.4515625 0.14531250000000004 0.353125 0.14531250000000004 0.353125 0.23281250000000003 0.4515625 0.2328125000000001
4 0.4578125 0.3546875000000001 0.36875 0.3546875000000001 0.36875 0.4578125 0.4578125 0.4578125
4 0.3203125 0.09375000000000003 0.2359375 0.09375000000000003 0.2359375 0.17343750000000005 0.3203125 0.17343750000000005
4 0.56875 0.24375000000000008 0.475 0.24375000000000008 0.475 0.33281250000000007 0.56875 0.33281250000000007
4 0.7546875 0.06093750000000009 0.6390625 0.06093750000000009 0.6390625 0.1671875000000001 0.7546875 0.1671875000000001
4 0.3265625000000001 0.49375 0.2156250000000001 0.49375 0.2156250000000001 0.5828125 0.3265625000000001 0.5828125
4 0.5515625 0.12656250000000008 0.440625 0.12656250000000005 0.440625 0.21875000000000008 0.5515625 0.21875000000000008
1 0.3265625 0.19843750000000004 0.2328125 0.19843750000000004 0.2328125 0.2921875 0.3265625 0.2921875
4 0.621875 0.0015625000000000701 0.51875 0.0015625000000000638 0.51875 0.05468750000000007 0.621875 0.05468750000000007
4 0.2734375000000001 0.4078125 0.2015625000000001 0.4078125 0.2015625000000001 0.4671875 0.2734375000000001 0.4671875
4 0.853125 0.3218750000000001 0.740625 0.3218750000000001 0.740625 0.5015625000000001 0.853125 0.5015625000000001
4 0.315625 0.0031250000000000327 0.215625 0.003125000000000026 0.215625 0.07968750000000004 0.315625 0.07968750000000005
4 0.640625 0.09531250000000008 0.55 0.09531250000000006 0.55 0.1906250000000001 0.640625 0.1906250000000001
4 0.13750000000000004 0.465625 0.06250000000000007 0.465625 0.06250000000000007 0.51875 0.13750000000000004 0.51875
4 0.778125 0.2156250000000001 0.690625 0.2156250000000001 0.690625 0.31718750000000007 0.778125 0.31718750000000007
4 0.9609375 0.22031250000000008 0.853125 0.22031250000000008 0.853125 0.33281250000000007 0.9609375 0.33281250000000007
4 0.11093750000000006 0.48125 0.007812500000000059 0.48125 0.007812500000000064 0.5640625 0.11093750000000009 0.5640625
4 0.9640625 0.4281250000000002 0.85 0.4281250000000002 0.85 0.5109375000000002 0.9640625 0.5109375000000002
4 0.9625 0.33281250000000007 0.853125 0.33281250000000007 0.853125 0.4156250000000002 0.9625 0.4156250000000002
4 0.7046875 0.37187500000000007 0.5890625 0.37187500000000007 0.5890625 0.471875 0.7046875 0.471875
4 1 0.15000000000000013 0.94375 0.15000000000000013 0.94375 0.3218750000000001 1 0.3218750000000001
4 0.21250000000000008 0.8703125 0.10781250000000009 0.8703125 0.10781250000000012 0.9875 0.21250000000000008 0.9875
4 0.753125 0.003125000000000085 0.6484375 0.003125000000000079 0.6484375 0.07656250000000009 0.753125 0.07656250000000009
4 0.11718750000000008 0.6546875 0.01093750000000008 0.6546875 0.010937500000000086 0.74375 0.11718750000000008 0.74375
4 0.85 0.1859375000000001 0.7625 0.1859375000000001 0.7625 0.3109375000000001 0.85 0.3109375000000001
4 0.11562500000000009 0.7828125 0.0312500000000001 0.7828125 0.0312500000000001 0.8609375 0.11562500000000009 0.8609375
4 0.465625 0.21875000000000008 0.3671875 0.21875000000000008 0.3671875 0.3203125000000001 0.465625 0.3203125000000001
1 0.23437500000000008 0.4640625 0.14843750000000006 0.4640625 0.14843750000000006 0.546875 0.23437500000000008 0.546875
4 0.24218750000000008 0.3703125 0.15625000000000006 0.3703125 0.15625000000000006 0.4796875 0.24218750000000008 0.4796875
4 0.2234375 0.012500000000000022 0.13125 0.012500000000000016 0.13125 0.15781250000000002 0.2234375 0.15781250000000005
4 0.2875 0.13281250000000006 0.2109375 0.13281250000000006 0.2109375 0.18437500000000004 0.2875 0.18437500000000004
4 0.4625 0.08437500000000006 0.390625 0.08437500000000005 0.390625 0.14062500000000006 0.4625 0.14062500000000006
1 0.3062500000000001 0.6828125 0.2156250000000001 0.6828125 0.2156250000000001 0.7671875 0.3062500000000001 0.7671875
4 0.5265625 0.0031250000000000583 0.428125 0.0031250000000000526 0.428125 0.07968750000000005 0.5265625 0.07968750000000006
4 0.7546875 0.3187500000000001 0.6765625 0.3187500000000001 0.6765625 0.4437500000000001 0.7546875 0.4437500000000002
4 0.76875 0.1375000000000001 0.6796875 0.1375000000000001 0.6796875 0.2218750000000001 0.76875 0.2218750000000001
1 0.2218750000000001 0.746875 0.1218750000000001 0.746875 0.1218750000000001 0.8515625 0.2218750000000001 0.8515625
4 0.18906250000000008 0.5234375 0.08906250000000007 0.5234375 0.08906250000000007 0.6109375 0.18906250000000008 0.6109375
4 0.8515625 0.006250000000000098 0.7546875 0.006250000000000091 0.7546875 0.0875000000000001 0.8515625 0.0875000000000001
4 0.959375 0.08437500000000012 0.859375 0.08437500000000012 0.859375 0.2140625000000001 0.959375 0.2140625000000001
4 0.10625000000000004 0.4203125 0.03437500000000006 0.4203125 0.03437500000000006 0.4890625 0.10625000000000004 0.4890625
4 0.14218750000000008 0.5953125 0.056250000000000064 0.5953125 0.05625000000000008 0.6890625 0.14218750000000008 0.6890625
4 0.6546875 0.2531250000000001 0.553125 0.2531250000000001 0.553125 0.36406250000000007 0.6546875 0.36406250000000007
4 0.21250000000000008 0.6328125 0.13437500000000008 0.6328125 0.13437500000000008 0.746875 0.21250000000000008 0.746875
4 0.3265625000000001 0.4328125 0.2296875000000001 0.4328125 0.2296875000000001 0.5109375 0.3265625000000001 0.5109375
4 0.653125 0.1593750000000001 0.590625 0.1593750000000001 0.590625 0.2328125000000001 0.653125 0.2328125000000001
4 0.678125 0.2531250000000001 0.6265625 0.2531250000000001 0.6265625 0.30156250000000007 0.678125 0.30156250000000007
4 0.11093750000000013 0.9140625 0.004687500000000113 0.9140625 0.004687500000000116 0.975 0.11093750000000013 0.975
4 1 0.37968750000000007 0.9375 0.37968750000000007 0.9375 0.4859375000000002 1 0.4859375000000002
4 0.1484375 0.03437500000000002 0.0625 0.03437500000000001 0.06250000000000001 0.1171875 0.1484375 0.1171875
4 0.4546875 0.3140625000000001 0.3921875 0.3140625000000001 0.3921875 0.3812500000000001 0.4546875 0.3812500000000001
4 0.06875 0.084375 0.00781250000000001 0.084375 0.007812500000000016 0.153125 0.06875000000000002 0.153125
4 0.10937500000000008 0.5484375 0.006250000000000066 0.5484375 0.006250000000000071 0.615625 0.10937500000000008 0.615625
4 0.5109375 0.07812500000000007 0.4640625 0.07812500000000007 0.4640625 0.13906250000000003 0.5109375 0.13906250000000003