4 0.865625 9.309229184143553e-17 0.6546875 8.017609513167828e-17 0.6546875 0.2234375000000001 0.865625 0.2234375000000001
4 0.4140625 0.4796875 0.3187500000000001 0.4796875 0.3187500000000001 0.6265625 0.4140625 0.6265625
1 0.99375 0.010937500000000062 0.0031250000000000015 0.0109375 0.0031250000000000618 0.9984375 0.99375 0.9984375
4 0.15625 0.0015625000000000142 0.0734375 0.001562500000000009 0.07343750000000002 0.10625 0.15625 0.10625
4 0.434375 0.19218750000000004 0.3609375 0.19218750000000004 0.3609375 0.30000000000000004 0.434375 0.3000000000000001
4 0.4734375 5.1760462370212356e-17 0.371875 4.55415528432922e-17 0.371875 0.10156250000000004 0.4734375 0.10156250000000004
4 0.5171875000000001 0.8703125 0.4343750000000002 0.8703125 0.4343750000000002 0.9875 0.5171875000000001 0.9875
4 0.37343750000000003 0.33906250000000004 0.284375 0.3390625 0.28437500000000004 0.478125 0.3734375000000001 0.478125
4 0.24218750000000008 0.6515625 0.1687500000000001 0.6515625 0.1687500000000001 0.746875 0.24218750000000008 0.746875
4 0.54375 0.06562500000000007 0.4859375 0.06562500000000007 0.4859375 0.13593750000000004 0.54375 0.13593750000000004
4 0.9453125 0.2734375000000001 0.8859375 0.2734375000000001 0.8859375 0.3625000000000001 0.9453125 0.3625000000000001
4 0.30937500000000007 0.5546875 0.2578125000000001 0.5546875 0.2578125000000001 0.6484375 0.30937500000000007 0.6484375
4 0.12500000000000008 0.7921875 0.07343750000000009 0.7921875 0.0734375000000001 0.8921875 0.12500000000000008 0.8921875
4 0.6703125 0.20312500000000008 0.5859375 0.20312500000000008 0.5859375 0.2953125000000001 0.6703125 0.2953125000000001
4 0.7109375 0.2921875000000001 0.6421875 0.2921875000000001 0.6421875 0.3609375000000001 0.7109375 0.3609375000000001
4 0.7078125 0.421875 0.653125 0.421875 0.653125 0.4890625 0.7078125 0.4890625