1 0.9984375 0.4093750000000001 5.013397834009477e-17 0.409375 5.616153680464816e-17 0.5078125000000001 0.9984375 0.5078125000000002
1 0.9875 0.5125000000000001 6.276314845630185e-17 0.5125 9.18485099360515e-17 0.9875 0.9875 0.9875
1 0.5890625 0.16093750000000007 0.34375 0.16093750000000004 0.34375 0.27031250000000007 0.5890625 0.27031250000000007
1 0.9921875 0.1828125000000001 0.865625 0.1828125000000001 0.865625 0.2968750000000001 0.9921875 0.2968750000000001
1 0.9890625 0.4000000000000001 0.01093750000000005 0.4 0.010937500000000051 0.4359375000000001 0.9890625 0.4359375000000002
1 0.11562500000000005 0.4109375 0.00312500000000005 0.4109375 0.0031250000000000526 0.453125 0.11562500000000005 0.453125
2 0.478125 0.04062500000000006 0.4359375 0.04062500000000006 0.4359375 0.12500000000000006 0.478125 0.12500000000000006
1 0.9765625 0.2515625000000001 0.7359375 0.2515625000000001 0.7359375 0.3187500000000001 0.9765625 0.3187500000000001
2 0.46875 0.4703125 0.3546875000000001 0.4703125 0.3546875000000001 0.5046875 0.46875 0.5046875
1 0.56875 5.989288252080024e-17 0.409375 5.013397834009477e-17 0.409375 0.16406250000000006 0.56875 0.16406250000000008
2 0.32500000000000007 0.4234375 0.2093750000000001 0.4234375 0.2093750000000001 0.4953125 0.32500000000000007 0.4953125
1 0.240625 0.15937500000000002 0.05625000000000002 0.159375 0.05625000000000002 0.2375 0.240625 0.2375
1 0.4703125 0.22812500000000005 0.2171875 0.228125 0.21718750000000003 0.3765625 0.4703125 0.3765625000000001
2 0.3984375000000001 0.4765625 0.2953125000000001 0.4765625 0.2953125000000001 0.50625 0.3984375000000001 0.50625
2 0.2015625000000001 0.421875 0.11875000000000005 0.421875 0.11875000000000005 0.4625 0.2015625000000001 0.4625
1 0.903125 0.6812500000000001 0.8296875 0.6812500000000001 0.8296875 0.7671875000000001 0.903125 0.7671875000000001
1 0.7265625 0.3593750000000001 0.415625 0.3593750000000001 0.415625 0.4250000000000001 0.7265625 0.42500000000000016
1 0.7125 0.1531250000000001 0.6078125 0.1531250000000001 0.6078125 0.2093750000000001 0.7125 0.2093750000000001
1 0.85625 0.31718750000000007 0.784375 0.31718750000000007 0.784375 0.3703125000000001 0.85625 0.3703125000000001
1 1 0.5140625000000002 0.834375 0.5140625000000002 0.834375 0.7359375000000001 1 0.7359375000000001
3 0.40156250000000016 0.73125 8.955229718765019e-17 0.73125 1.0600848855119278e-16 1 0.40156250000000016 1
1 0.834375 0.5250000000000001 0.4484375 0.525 0.4484375 0.6875000000000001 0.834375 0.6875000000000002
1 0.7375 0.025000000000000085 0.6671875 0.025000000000000078 0.6671875 0.09218750000000009 0.7375 0.09218750000000009
1 0.9984375 0.3625000000000001 0.8640625 0.3625000000000001 0.8640625 0.40937500000000016 0.9984375 0.40937500000000016
1 0.4796875000000001 0.521875 0.0015625000000000638 0.521875 0.0015625000000000805 0.7953125 0.47968750000000016 0.7953125
1 0.05312500000000007 0.4625 0.003125000000000057 0.4625 0.0031250000000000596 0.50625 0.05312500000000007 0.50625
1 0.9875 1.0916578108024453e-16 0.7953125 9.739769074468794e-17 0.7953125 0.20468750000000008 0.9875 0.20468750000000008
1 0.4859375 0.440625 0.4015625 0.440625 0.4015625 0.4890625 0.4859375 0.4890625
3 0.046875000000000056 0.4265625 5.223884002612928e-17 0.4265625 5.338694640032993e-17 0.4453125 0.046875000000000056 0.4453125
1 0.765625 0.2218750000000001 0.7421875 0.2218750000000001 0.7421875 0.2531250000000001 0.765625 0.2531250000000001
1 0.459375 0.0015625000000000545 0.4296875 0.0015625000000000528 0.4296875 0.026562500000000055 0.459375 0.026562500000000055
1 0.30937500000000007 0.5265625 6.448530801760282e-17 0.5265625 7.060854201333958e-17 0.6265625 0.30937500000000007 0.6265625