4 0.409375 0.11718750000000004 0.309375 0.11718750000000004 0.309375 0.22187500000000004 0.409375 0.2218750000000001
1 0.996875 0.001562500000000061 0.0015625 0.0015625 0.001562500000000061 0.9953125 0.996875 0.9953125
4 0.4062500000000001 0.653125 0.3390625000000001 0.653125 0.3390625000000001 0.73125 0.40625000000000017 0.73125
4 0.40312500000000007 0.6484375 0.3125000000000001 0.6484375 0.3125000000000001 0.8390625 0.4031250000000002 0.8390625
3 0.5234375000000002 0.846875 0.2906250000000001 0.846875 0.2906250000000001 0.9875 0.5234375000000002 0.9875
4 0.3578125000000001 0.7921875 0.3109375000000001 0.7921875 0.3109375000000001 0.85 0.3578125000000001 0.85
4 0.03750000000000009 0.734375 0.0015625000000000903 0.734375 0.0015625000000000922 0.7703125 0.03750000000000009 0.7703125
4 0.990625 0.34843750000000007 0.903125 0.34843750000000007 0.903125 0.44843750000000016 0.990625 0.44843750000000016
4 0.0500000000000001 0.734375 8.993499931238375e-17 0.734375 9.60582333081205e-17 0.834375 0.050000000000000114 0.834375
4 0.1437500000000001 0.7203125 0.0031250000000000886 0.7203125 0.003125000000000093 0.796875 0.1437500000000001 0.796875
4 0.7015625 0.3531250000000001 0.5734375 0.3531250000000001 0.5734375 0.44375 0.7015625 0.44375
4 0.38750000000000007 0.2671875 0.2671875 0.2671875 0.2671875 0.4328125 0.38750000000000007 0.4328125
4 0.17031250000000003 0.246875 0.025000000000000033 0.246875 0.02500000000000005 0.5109375 0.17031250000000003 0.5109375
4 0.11250000000000004 0.2828125 0.03593750000000003 0.2828125 0.035937500000000046 0.4203125 0.11250000000000004 0.4203125
3 1 0.0015625000000000617 0.0109375 0.0015625000000000014 0.010937500000000006 0.09687500000000007 1 0.09687500000000013
1 0.9953125 0.4203125000000001 0.01250000000000005 0.4203125 0.012500000000000053 0.47343750000000007 0.9953125 0.4734375000000002
4 0.16093750000000012 0.6515625 0.014062500000000078 0.6515625 0.014062500000000094 0.928125 0.16093750000000012 0.928125
3 0.26250000000000007 0.85 1.0409497792752501e-16 0.85 1.1289712679639661e-16 0.99375 0.26250000000000007 0.99375
1 0.9984375 0.23437500000000006 0.015625000000000028 0.234375 0.01562500000000003 0.28750000000000003 0.9984375 0.2875000000000001
4 0.9453125 0.30937500000000007 0.8703125 0.30937500000000007 0.8703125 0.4156250000000002 0.9453125 0.4156250000000002
1 0.2703125 0.259375 0.050000000000000024 0.259375 0.05000000000000003 0.3453125 0.2703125 0.3453125
4 0.3375 0.15000000000000005 0.3109375 0.15000000000000005 0.3109375 0.228125 0.3375 0.228125
1 0.99375 0.14375000000000007 0.020312500000000018 0.14375 0.020312500000000018 0.20156250000000003 0.99375 0.2015625000000001
3 0.9859375 0.26562500000000006 0.004687500000000032 0.265625 0.004687500000000039 0.37500000000000006 0.9859375 0.3750000000000001
4 0.409375 0.09531250000000005 0.290625 0.09531250000000005 0.290625 0.16406250000000006 0.409375 0.16406250000000006
4 0.3484375 0.007812500000000038 0.26875 0.007812500000000033 0.26875 0.06406250000000004 0.3484375 0.06406250000000005
1 0.3 0.06093750000000002 0.003125000000000007 0.0609375 0.0031250000000000097 0.10625000000000002 0.3 0.10625000000000004
1 0.2734375000000001 0.3640625 0.057812500000000044 0.3640625 0.057812500000000044 0.4328125 0.2734375000000001 0.4328125
1 0.31250000000000006 0.3390625 0.023437500000000038 0.3390625 0.02343750000000004 0.3828125 0.3125000000000001 0.3828125
1 0.209375 0.17187500000000003 0.004687500000000021 0.171875 0.004687500000000025 0.2421875 0.209375 0.2421875
1 0.2796875000000001 0.6203125 0.08750000000000006 0.6203125 0.08750000000000008 0.6890625 0.2796875000000001 0.6890625
1 0.3750000000000001 0.4484375 0.15781250000000005 0.4484375 0.15781250000000005 0.515625 0.3750000000000001 0.515625
1 0.2671875 0.0921875 0.07656250000000002 0.0921875 0.07656250000000002 0.15937500000000002 0.2671875 0.15937500000000004
1 0.43750000000000017 0.8578125 0.3140625000000001 0.8578125 0.3140625000000001 0.9125 0.43750000000000017 0.9125
1 0.91875 0.1875000000000001 0.696875 0.18750000000000008 0.696875 0.25468750000000007 0.91875 0.25468750000000007
1 0.98125 0.0984375000000001 0.75625 0.0984375000000001 0.75625 0.1671875000000001 0.98125 0.16718750000000013
1 0.3031250000000001 0.69375 0.06875000000000009 0.69375 0.06875000000000009 0.7578125 0.3031250000000001 0.7578125
1 0.1171875 0.003125000000000007 0.003125 0.003125 0.003125000000000004 0.06406250000000001 0.1171875 0.06406250000000002
1 0.33281250000000007 0.8578125 0.20468750000000008 0.8578125 0.20468750000000008 0.915625 0.33281250000000007 0.915625
1 0.6296875 0.09531250000000005 0.4171875 0.09531250000000005 0.4171875 0.16562500000000008 0.6296875 0.16562500000000008
1 0.2796875 0.2296875 0.021875000000000026 0.2296875 0.02187500000000003 0.2734375 0.2796875 0.2734375
1 0.2359375 0.00781250000000002 0.1203125 0.007812500000000014 0.1203125 0.07031250000000003 0.2359375 0.07031250000000003
1 0.596875 0.36406250000000007 0.3843750000000001 0.36406250000000007 0.3843750000000001 0.4328125 0.596875 0.4328125
1 0.403125 0.5390625 0.19218750000000004 0.5390625 0.19218750000000007 0.6046875 0.403125 0.6046875
1 0.9109375 0.3781250000000001 0.7 0.3781250000000001 0.7 0.4453125000000001 0.9109375 0.44531250000000017
1 0.5546875 0.18281250000000007 0.3734375 0.18281250000000004 0.3734375 0.2500000000000001 0.5546875 0.2500000000000001
1 0.6109375 0.2671875000000001 0.3875 0.2671875000000001 0.3875 0.3343750000000001 0.6109375 0.3343750000000001
1 0.440625 0.05937500000000003 0.2046875 0.059375000000000025 0.2046875 0.10312500000000005 0.440625 0.10312500000000005
1 0.09375000000000007 0.5265625 6.448530801760282e-17 0.5265625 6.859935585848846e-17 0.59375 0.09375000000000007 0.59375
1 0.475 0.446875 0.35625000000000007 0.446875 0.35625000000000007 0.5140625 0.475 0.5140625