4 0.5171875 0.045312500000000054 0.40625 0.04531250000000005 0.40625 0.2578125000000001 0.5171875 0.2578125000000001
4 0.7046875 0.25468750000000007 0.48125 0.25468750000000007 0.48125 0.4921875 0.7046875 0.4921875
3 0.9984375 0.025000000000000123 0.9953125 0.025000000000000123 0.9953125 0.02656250000000012 0.9984375 0.02656250000000012
0 0.9890625 0.010937500000000062 0.0015625000000000014 0.0109375 0.0015625000000000615 0.99375 0.9890625 0.99375
1 0.2906250000000001 0.5125 0.19687500000000005 0.5125 0.19687500000000008 0.596875 0.2906250000000001 0.596875
1 0.1921875000000001 0.6046875 0.10000000000000009 0.6046875 0.10000000000000009 0.709375 0.1921875000000001 0.709375
1 0.5 0.51875 0.415625 0.51875 0.415625 0.6046875 0.5 0.6046875
1 0.3109375000000001 0.5765625 0.1468750000000001 0.5765625 0.1468750000000001 0.740625 0.3109375000000001 0.740625
1 0.29375000000000007 0.715625 0.22031250000000008 0.715625 0.22031250000000008 0.8078125 0.29375000000000007 0.8078125
1 0.09687500000000007 0.6140625 0.039062500000000076 0.6140625 0.03906250000000008 0.7015625 0.09687500000000009 0.7015625
1 0.3843750000000001 0.49375 0.23593750000000008 0.49375 0.23593750000000008 0.6234375 0.3843750000000001 0.6234375
1 0.09687500000000011 0.85 0.0375000000000001 0.85 0.0375000000000001 0.91875 0.09687500000000011 0.91875
1 0.13281250000000008 0.8125 0.0671875000000001 0.8125 0.0671875000000001 0.9015625 0.13281250000000008 0.9015625
1 0.23593750000000008 0.746875 0.1859375000000001 0.746875 0.1859375000000001 0.81875 0.23593750000000008 0.81875
1 0.1906250000000001 0.7625 0.1359375000000001 0.7625 0.1359375000000001 0.8375 0.1906250000000001 0.8375
3 0.5609375 0.25625000000000003 0.353125 0.25625 0.353125 0.4703125 0.5609375 0.4703125
3 0.2968750000000001 0.6921875 0.004687500000000085 0.6921875 0.004687500000000103 0.99375 0.2968750000000001 0.99375
1 0.10000000000000009 0.721875 0.05312500000000009 0.721875 0.05312500000000009 0.75625 0.10000000000000009 0.75625
3 0.5078125000000002 0.878125 0.13437500000000008 0.878125 0.1343750000000001 0.9984375 0.5078125000000002 0.9984375
4 0.7203125 0.032812500000000064 0.40625 0.03281250000000004 0.40625 0.3375000000000001 0.7203125 0.3375000000000001
3 0.3765625 0.17343750000000002 0.1671875 0.1734375 0.16718750000000002 0.43125 0.3765625000000001 0.43125
1 0.5437500000000001 0.446875 0.10468750000000004 0.446875 0.10468750000000007 0.771875 0.5437500000000002 0.771875
3 0.18750000000000003 0.17187500000000003 0.006250000000000022 0.171875 0.006250000000000038 0.440625 0.18750000000000006 0.440625
4 0.33125 0.07656250000000005 0.275 0.07656250000000005 0.275 0.15781250000000005 0.33125 0.15781250000000005
1 0.08281250000000004 0.2875 0.018750000000000034 0.2875 0.01875000000000004 0.421875 0.08281250000000004 0.421875
1 0.2984375 2.688482426253174e-17 0.140625 1.7221595613009655e-17 0.140625 0.10781250000000002 0.2984375 0.10781250000000005
1 0.08125000000000011 0.8859375 0.04062500000000011 0.8859375 0.04062500000000011 0.9484375 0.08125000000000011 0.9484375
1 0.060937500000000124 0.946875 0.0031250000000001164 0.946875 0.0031250000000001194 0.9984375 0.06093750000000013 0.9984375
3 0.99375 0.4109375000000002 0.80625 0.4109375000000002 0.80625 0.5015625000000001 0.99375 0.5015625000000001
1 0.134375 8.419446744138053e-18 0.003125 3.827021247335479e-19 0.003125000000000011 0.1765625 0.134375 0.1765625
1 0.3828125 0.032812500000000036 0.296875 0.032812500000000036 0.296875 0.16406250000000006 0.3828125 0.16406250000000006
4 0.378125 0.004687500000000043 0.33125 0.004687500000000041 0.33125 0.08125000000000004 0.378125 0.08125000000000004