4 0.4140625 0.5578125 0.3593750000000001 0.5578125 0.3593750000000001 0.63125 0.4140625 0.63125
4 0.6875 0.4671875 0.6359375 0.4671875 0.6359375 0.5296875 0.6875 0.5296875
4 0.2796875000000001 0.646875 0.2234375000000001 0.646875 0.2234375000000001 0.728125 0.2796875000000001 0.728125
4 0.6921875 0.6015625 0.6578125 0.6015625 0.6578125 0.6625 0.6921875 0.6625
4 0.875 0.5562500000000001 0.834375 0.5562500000000001 0.834375 0.6250000000000002 0.875 0.6250000000000002
4 0.1593750000000001 0.6953125 0.1140625000000001 0.6953125 0.1140625000000001 0.771875 0.1593750000000001 0.771875
4 0.1218750000000001 0.6625 0.08125000000000009 0.6625 0.08125000000000009 0.728125 0.1218750000000001 0.728125
4 0.27812500000000007 0.56875 0.2406250000000001 0.56875 0.2406250000000001 0.6375 0.27812500000000007 0.6375
4 0.07656250000000012 0.83125 0.010937500000000103 0.83125 0.010937500000000109 0.925 0.07656250000000012 0.925
4 0.11093750000000006 0.5359375 0.07968750000000006 0.5359375 0.07968750000000006 0.5859375 0.11093750000000009 0.5859375
4 0.2687500000000001 0.8078125 0.16562500000000008 0.8078125 0.1656250000000001 0.921875 0.2687500000000001 0.921875
4 0.9078125 0.6203125000000002 0.8734375 0.6203125000000002 0.8734375 0.6625000000000002 0.9078125 0.6625000000000002
4 0.8296875 0.7312500000000001 0.6203125000000002 0.73125 0.6203125000000002 0.95 0.8296875 0.95
4 0.6671875000000002 0.7265625 0.6171875000000002 0.7265625 0.6171875000000002 0.8078125 0.6671875000000002 0.8078125
4 0.8984375 0.7359375000000001 0.8296875 0.7359375000000001 0.8296875 0.8 0.8984375 0.8
4 0.7203125000000001 0.7296875 0.6734375000000001 0.7296875 0.6734375000000001 0.7859375 0.7203125000000001 0.7859375
3 0.5500000000000002 0.89375 0.1671875000000001 0.89375 0.1671875000000001 0.99375 0.5500000000000002 0.99375