0 0.9828125 6.065828677026735e-17 0.0078125 9.567553118338697e-19 0.007812500000000035 0.5625000000000001 0.9828125 0.5625000000000002
4 0.16875000000000004 0.2234375 0.07500000000000002 0.2234375 0.07500000000000004 0.34375 0.16875000000000004 0.34375
4 0.4125 0.36406250000000007 0.3609375000000001 0.3640625 0.3609375000000001 0.4390625 0.4125 0.4390625
4 0.284375 0.26875 0.225 0.26875 0.225 0.3546875 0.284375 0.3546875
4 0.771875 0.12500000000000008 0.66875 0.12500000000000008 0.66875 0.2750000000000001 0.771875 0.2750000000000001
4 0.30312500000000003 0.25625 0.209375 0.25625 0.20937500000000003 0.4546875 0.3031250000000001 0.4546875
4 0.6671875 0.1984375000000001 0.621875 0.1984375000000001 0.621875 0.2734375000000001 0.6671875 0.2734375000000001
4 0.12343750000000005 0.271875 0.07968750000000002 0.271875 0.07968750000000004 0.3390625 0.12343750000000005 0.3390625
4 0.07812500000000001 0.075 0.009375000000000008 0.075 0.009375000000000015 0.18125 0.07812500000000003 0.18125
4 0.8984375 0.1984375000000001 0.8296875 0.1984375000000001 0.8296875 0.2671875000000001 0.8984375 0.2671875000000001
4 0.2671875 0.07500000000000002 0.1578125 0.07500000000000002 0.15781250000000002 0.18593750000000003 0.2671875 0.18593750000000003
4 0.909375 0.0015625000000001027 0.7703125 0.0015625000000000944 0.7703125 0.0671875000000001 0.909375 0.06718750000000011
4 0.11250000000000004 0.4109375 0.07968750000000005 0.4109375 0.07968750000000005 0.465625 0.11250000000000004 0.465625