4 0.09843750000000002 0.1578125 0.059375000000000025 0.1578125 0.059375000000000025 0.2625 0.09843750000000002 0.2625
4 0.2796875 0.14062500000000006 0.2375 0.14062500000000006 0.2375 0.19687500000000005 0.2796875 0.19687500000000005
4 0.3296875 0.15468750000000003 0.2859375 0.15468750000000003 0.2859375 0.2421875 0.3296875 0.2421875
4 0.5953125 0.2828125000000001 0.534375 0.2828125000000001 0.534375 0.34062500000000007 0.5953125 0.34062500000000007
4 0.3375 0.07656250000000003 0.265625 0.07656250000000002 0.265625 0.13437500000000005 0.3375 0.13437500000000005
4 0.721875 0.0671875000000001 0.6375 0.0671875000000001 0.6375 0.11875000000000009 0.721875 0.11875000000000009
4 0.6 0.06875000000000006 0.5578125 0.06875000000000006 0.5578125 0.1062500000000001 0.6 0.1062500000000001
3 0.7250000000000002 0.81875 0.2593750000000001 0.81875 0.2593750000000001 0.99375 0.7250000000000002 0.99375
1 0.6671875 0.11093750000000006 0.5375 0.11093750000000005 0.5375 0.2171875000000001 0.6671875 0.2171875000000001
1 0.484375 0.4234375 0.27812500000000007 0.4234375 0.27812500000000007 0.58125 0.484375 0.58125
1 0.5046875 0.3234375000000001 0.396875 0.3234375000000001 0.39687500000000003 0.4328125 0.5046875 0.4328125
1 0.421875 0.30156250000000007 0.2640625 0.3015625 0.26406250000000003 0.4265625 0.421875 0.4265625
1 0.4984375000000001 0.6796875 0.2734375000000001 0.6796875 0.2734375000000001 0.809375 0.4984375000000002 0.809375
1 0.5125 0.5625 0.2843750000000001 0.5625 0.2843750000000001 0.6828125 0.5125 0.6828125
1 0.7234375000000001 0.68125 0.5234375 0.68125 0.5234375000000001 0.809375 0.7234375000000002 0.809375
1 0.4609375 0.20000000000000004 0.359375 0.2 0.359375 0.275 0.4609375 0.2750000000000001
1 0.7187500000000002 0.8109375 0.6312500000000002 0.8109375 0.6312500000000002 0.9140625 0.7187500000000002 0.9140625
1 0.5453125 0.10156250000000007 0.3203125 0.10156250000000004 0.3203125 0.21406250000000004 0.5453125 0.2140625000000001
1 0.7046875 0.4234375 0.5125 0.4234375 0.5125 0.5703125 0.7046875 0.5703125
1 0.46875000000000017 0.884375 0.3656250000000001 0.884375 0.3656250000000001 0.9375 0.46875000000000017 0.9375
1 0.7484375 0.20468750000000008 0.6046875 0.20468750000000008 0.6046875 0.3687500000000001 0.7484375 0.3687500000000001
1 0.690625 0.55625 0.478125 0.55625 0.478125 0.68125 0.690625 0.68125