4 0.9984375 6.113666442618428e-17 0 0 9.854579711888862e-18 0.16093750000000007 0.9984375 0.16093750000000012
1 0.9984375 0.12187500000000007 1.492538286460837e-17 0.121875 6.850368032730508e-17 0.996875 0.9984375 0.996875
4 0.4718750000000001 0.29375000000000007 0.15000000000000005 0.29375 0.15000000000000008 0.7671875 0.47187500000000016 0.7671875
4 0.6171875 0.2828125000000001 0.3828125 0.2828125000000001 0.38281250000000006 0.5875 0.6171875 0.5875
4 0.865625 0.2453125000000001 0.615625 0.2453125000000001 0.615625 0.4859375000000001 0.865625 0.4859375000000002
4 0.24843750000000003 0.240625 0.09843750000000002 0.240625 0.09843750000000004 0.496875 0.2484375000000001 0.496875
3 0.20312500000000006 0.3296875 0.00312500000000004 0.3296875 0.0031250000000000804 0.9859375 0.20312500000000008 0.9859375
4 0.3203125 0.001562500000000027 0.11875 0.0015625000000000146 0.11875 0.15000000000000002 0.3203125 0.15000000000000005
3 0.2921875000000001 0.7359375 0.1296875000000001 0.7359375 0.12968750000000012 0.9734375 0.2921875000000001 0.9734375
4 0.609375 0.2828125000000001 0.43125 0.2828125000000001 0.43125 0.403125 0.609375 0.403125
4 0.1640625 0.006250000000000011 0.03125 0.006250000000000003 0.031250000000000014 0.15625 0.1640625 0.15625
4 0.14218750000000005 0.190625 0.004687500000000023 0.190625 0.004687500000000037 0.403125 0.14218750000000005 0.403125
4 0.7234375 0.3281250000000001 0.625 0.3281250000000001 0.625 0.4703125 0.7234375 0.4703125
4 0.50625 5.2525866619679453e-17 0.3515625 4.305398903252414e-17 0.3515625 0.13281250000000006 0.50625 0.13281250000000006
4 0.7375 0.2390625000000001 0.61875 0.2390625000000001 0.61875 0.3515625000000001 0.7375 0.3515625000000001
4 0.37968750000000007 0.32343750000000004 0.2484375 0.3234375 0.24843750000000003 0.4703125 0.37968750000000007 0.4703125