1 0.878125 5.3865324056246864e-17 0.0015625 1.9135106236677395e-19 0.001562500000000061 0.996875 0.878125 0.996875
4 0.409375 0.25781250000000006 0.2125 0.2578125 0.21250000000000005 0.4640625 0.409375 0.4640625
4 0.65 0.16562500000000008 0.375 0.16562500000000005 0.37500000000000006 0.3890625000000001 0.65 0.3890625000000001
4 0.10312500000000002 0.06406250000000001 0.0031250000000000084 0.0640625 0.00312500000000002 0.265625 0.10312500000000005 0.265625
4 0.053125000000000075 0.521875 0.0015625000000000638 0.521875 0.001562500000000077 0.734375 0.05312500000000009 0.734375
4 1 0.09531250000000012 0.8546875 0.0953125000000001 0.8546875 0.36406250000000007 1 0.36406250000000007
1 0.38281250000000006 0.03906250000000004 0.296875 0.039062500000000035 0.29687500000000006 0.996875 0.3828125000000001 0.996875
4 0.4828125 0.17187500000000006 0.375 0.17187500000000006 0.375 0.27031250000000007 0.4828125 0.27031250000000007
1 0.10625000000000007 0.018750000000000006 0.007812500000000003 0.01875 0.007812500000000062 1 0.10625000000000014 1
4 0.31875000000000003 0.3375 0.221875 0.3375 0.22187500000000004 0.4453125 0.3187500000000001 0.4453125
4 0.7625 0.09375000000000008 0.509375 0.09375000000000007 0.509375 0.2468750000000001 0.7625 0.2468750000000001
3 0.2687500000000001 0.74375 0.017187500000000088 0.74375 0.017187500000000105 1 0.2687500000000001 1
4 0.9984375 0.03281250000000011 0.8515625 0.0328125000000001 0.8515625 0.18593750000000012 0.9984375 0.18593750000000014
4 0.609375 0.12187500000000007 0.50625 0.12187500000000004 0.50625 0.20312500000000008 0.609375 0.20312500000000008
4 0.8078125 0.0015625000000000857 0.5890625 0.001562500000000072 0.5890625 0.11875000000000009 0.8078125 0.11875000000000009
3 0.315625 0.010937500000000027 0.109375 0.010937500000000013 0.10937500000000003 0.2703125 0.315625 0.2703125
3 0.2500000000000001 0.5046875 0.08593750000000007 0.5046875 0.08593750000000008 0.7640625 0.2500000000000001 0.7640625
4 0.7593750000000001 0.38750000000000007 0.4390625 0.38750000000000007 0.4390625000000001 0.928125 0.7593750000000001 0.928125