1 0.9984375 0.49687500000000007 0.001562500000000061 0.496875 0.0015625000000000643 0.5468750000000001 0.9984375 0.5468750000000002
2 0.3531250000000001 0.503125 0.23437500000000008 0.503125 0.23437500000000008 0.5359375 0.3531250000000001 0.5359375
1 0.20312500000000006 0.240625 0.10937500000000004 0.240625 0.10937500000000008 0.93125 0.20312500000000008 0.93125
1 0.640625 0.0031250000000000644 0.4046875 0.00312500000000005 0.4046875 0.08750000000000006 0.640625 0.08750000000000009
1 0.22187500000000004 0.25 0.13906250000000003 0.25 0.13906250000000003 0.525 0.2218750000000001 0.525
1 0.228125 0.2 0.11875000000000005 0.2 0.11875000000000005 0.284375 0.228125 0.284375
1 0.909375 0.2750000000000001 0.8296875 0.2750000000000001 0.8296875 0.3578125000000001 0.909375 0.3578125000000001
1 0.7109375 0.018750000000000076 0.5046875 0.018750000000000062 0.5046875 0.19843750000000007 0.7109375 0.1984375000000001
1 0.690625 0.16250000000000006 0.4609375 0.16250000000000003 0.4609375 0.3234375000000001 0.690625 0.3234375000000001
1 0.5328125 0.3046875000000001 0.403125 0.3046875000000001 0.403125 0.41875 0.5328125 0.41875
1 0.1937500000000001 0.6875 0.009375000000000083 0.6875 0.00937500000000009 0.790625 0.1937500000000001 0.790625
1 0.7046875 0.3343750000000001 0.5890625 0.3343750000000001 0.5890625 0.4109375 0.7046875 0.4109375
1 0.1937500000000001 0.7359375 0.00468750000000009 0.7359375 0.0046875000000001 0.884375 0.1937500000000001 0.884375
1 1 0.07500000000000012 0.909375 0.07500000000000011 0.909375 0.22656250000000008 1 0.22656250000000008
1 0.4234375 0.20937500000000003 0.315625 0.209375 0.315625 0.30625 0.4234375 0.3062500000000001
1 0.3140625000000001 0.715625 0.13437500000000008 0.715625 0.13437500000000008 0.7671875 0.3140625000000001 0.7671875
1 0.4125 0.4140625 0.3359375000000001 0.4140625 0.3359375000000001 0.4953125 0.4125 0.4953125
1 0.16718750000000002 0.15 0.09843750000000002 0.15 0.09843750000000002 0.221875 0.16718750000000004 0.221875
1 0.4343750000000002 0.7484375 0.1859375000000001 0.7484375 0.18593750000000012 0.9328125 0.4343750000000002 0.9328125
2 0.3421875000000001 0.4828125 0.31718750000000007 0.4828125 0.31718750000000007 0.50625 0.3421875000000001 0.50625
1 0.8171875 0.21250000000000008 0.7765625 0.21250000000000008 0.7765625 0.2593750000000001 0.8171875 0.2593750000000001
1 0.859375 0.1671875000000001 0.778125 0.1671875000000001 0.778125 0.24218750000000008 0.859375 0.24218750000000008
1 0.4890625 0.004687500000000042 0.2046875 0.004687500000000025 0.2046875 0.21093750000000006 0.4890625 0.21093750000000008
1 0.3890625 0.2515625 0.3265625 0.2515625 0.3265625 0.34218750000000003 0.3890625 0.3421875000000001
2 0.30156250000000007 0.515625 0.2406250000000001 0.515625 0.2406250000000001 0.5453125 0.30156250000000007 0.5453125
3 0.10468750000000004 0.5203125 0.009375000000000064 0.5203125 0.009375000000000066 0.5421875 0.10468750000000004 0.5421875
1 0.3484375 0.15937500000000004 0.2921875 0.15937500000000004 0.2921875 0.2140625 0.3484375 0.2140625
3 0.2984375000000001 0.434375 0.2562500000000001 0.434375 0.2562500000000001 0.46875 0.2984375000000001 0.46875
1 0.4875 0.5703125 0.4203125 0.5703125 0.4203125 0.621875 0.4875 0.621875
1 0.6265625 0.34843750000000007 0.571875 0.34843750000000007 0.571875 0.4875 0.6265625 0.4875
1 0.1875 0.01875000000000002 0.14375 0.018750000000000017 0.14375 0.08906250000000002 0.1875 0.08906250000000002
1 0.048437500000000015 0.1265625 0.0046875000000000154 0.1265625 0.00468750000000002 0.1953125 0.04843750000000002 0.1953125
1 0.84375 0.0250000000000001 0.803125 0.0250000000000001 0.803125 0.0656250000000001 0.84375 0.06562500000000011
1 0.3125000000000001 0.834375 0.27812500000000007 0.834375 0.27812500000000007 0.871875 0.3125000000000001 0.871875
2 0.95625 0.17500000000000013 0.9234375 0.17500000000000013 0.9234375 0.21875000000000008 0.95625 0.21875000000000008
1 0.0343750000000001 0.771875 0.006250000000000094 0.771875 0.006250000000000096 0.7921875 0.0343750000000001 0.7921875
1 0.303125 0.2453125 0.284375 0.2453125 0.284375 0.321875 0.303125 0.321875