1 0.9921875 0.004687500000000061 5.740531871003218e-19 0.0046875 6.084963783263412e-17 0.9890625 0.9921875 0.9890625
1 1 0.290625 0.015625000000000035 0.290625 0.01562500000000004 0.4234375000000001 1 0.4234375000000002
4 0.4625 0.15781250000000005 0.321875 0.15781250000000005 0.321875 0.29687500000000006 0.4625 0.2968750000000001
4 0.2765625000000001 0.4484375 0.17656250000000004 0.4484375 0.17656250000000007 0.565625 0.2765625000000001 0.565625
4 0.18593750000000003 0.15937500000000002 0.00468750000000002 0.159375 0.00468750000000003 0.3390625 0.18593750000000003 0.3390625
3 1 0.1281250000000001 0.5859375 0.1281250000000001 0.5859375 0.3234375000000001 1 0.3234375000000001
4 0.4890625 0.4734375 0.3578125000000001 0.4734375 0.3578125000000001 0.61875 0.4890625 0.61875
1 0.9953125 0.08750000000000005 0.010937500000000011 0.0875 0.010937500000000017 0.18750000000000006 0.9953125 0.18750000000000014
1 0.1984375000000001 0.715625 0.1296875000000001 0.715625 0.1296875000000001 0.8890625 0.1984375000000001 0.8890625
1 0.4921875 0.6109375 0.1921875000000001 0.6109375 0.1921875000000001 0.71875 0.4921875 0.71875
1 0.4437500000000001 0.7140625 0.1750000000000001 0.7140625 0.1750000000000001 0.909375 0.4437500000000002 0.909375
1 0.21250000000000008 0.64375 7.883663769511086e-17 0.64375 8.429014297256392e-17 0.7328125 0.21250000000000008 0.7328125
4 0.3906250000000001 0.4171875 0.23593750000000008 0.4171875 0.23593750000000008 0.609375 0.3906250000000001 0.609375
1 0.3625 0.026562500000000027 0.0625 0.02656250000000001 0.06250000000000001 0.15781250000000002 0.3625 0.15781250000000005
4 0.5484375 0.14218750000000008 0.39375 0.14218750000000005 0.39375 0.3062500000000001 0.5484375 0.3062500000000001
4 0.6796875 7.347880794884119e-17 0.5203125 6.371990376813572e-17 0.5203125 0.07500000000000008 0.6796875 0.0750000000000001
4 0.73125 0.14062500000000008 0.56875 0.14062500000000008 0.56875 0.2984375000000001 0.73125 0.2984375000000001
4 0.465625 4.678533474867622e-17 0.2984375 3.654805291205382e-17 0.2984375 0.07187500000000005 0.465625 0.07187500000000006
1 0.2390625000000001 0.8796875 0.012500000000000105 0.8796875 0.012500000000000112 0.965625 0.2390625000000001 0.965625
1 0.8171875 0.004687500000000082 0.5328125 0.004687500000000065 0.5328125 0.14062500000000006 0.8171875 0.14062500000000008