4 0.896875 0.21093750000000006 0.09687500000000002 0.2109375 0.09687500000000007 0.99375 0.896875 0.99375
1 0.28125 3.262535613353496e-17 0.2515625 3.080752104105061e-17 0.2515625 0.290625 0.28125 0.290625
1 0.12500000000000003 1.3681600959224337e-17 0.0984375 1.2055116929106758e-17 0.09843750000000001 0.215625 0.12500000000000006 0.215625
1 0.27031250000000007 0.3765625 0.2218750000000001 0.3765625 0.2218750000000001 0.6078125 0.27031250000000007 0.6078125
1 0.6921875 0.004687500000000083 0.671875 0.004687500000000082 0.671875 0.1062500000000001 0.6921875 0.1062500000000001
4 0.4375000000000001 0.5 0.10468750000000004 0.5 0.10468750000000009 0.9953125 0.43750000000000017 0.9953125
1 0.12656250000000005 0.2375 0.10312500000000005 0.2375 0.10312500000000005 0.3796875 0.12656250000000005 0.3796875
1 0.9796875 0.006250000000000082 0.3640625 0.006250000000000045 0.36406250000000007 0.4453125000000001 0.9796875 0.44531250000000017
1 0.07812500000000007 0.328125 0.050000000000000044 0.328125 0.050000000000000065 0.771875 0.07812500000000008 0.771875
1 0.9625 0.004687500000000114 0.909375 0.004687500000000111 0.909375 0.0953125000000001 0.9625 0.0953125000000001
4 0.4250000000000001 0.4921875 0.3203125000000001 0.4921875 0.3203125000000001 0.7265625 0.42500000000000016 0.7265625
1 0.5546875 0.3734375000000001 0.4546875 0.3734375000000001 0.4546875 0.4140625 0.5546875 0.4140625