4 0.5953125000000001 0.784375 0.4234375000000002 0.784375 0.4234375000000002 0.9984375 0.5953125000000001 0.9984375
4 0.9078125 0.8171875 0.6531250000000002 0.8171875 0.6531250000000002 0.9984375 0.9078125 0.9984375
4 0.1359375000000001 0.7578125 0.023437500000000094 0.7578125 0.0234375000000001 0.85 0.1359375000000001 0.85
1 0.7750000000000001 0.07031250000000008 0.4546875 0.07031250000000007 0.4546875000000001 0.83125 0.7750000000000001 0.83125
4 0.3937500000000001 0.8375 0.2750000000000001 0.8375 0.2750000000000001 0.9 0.3937500000000001 0.9
3 0.2328125000000001 0.8125 9.950255243072244e-17 0.8125 1.1060091404799533e-16 0.99375 0.2328125000000001 0.99375
4 0.6046875000000002 0.7671875 0.5625000000000002 0.7671875 0.5625000000000002 0.8390625 0.6046875000000002 0.8390625
4 0.07031250000000012 0.965625 0.006250000000000119 0.965625 0.006250000000000121 1 0.07031250000000014 1
1 0.5312500000000001 0.14531250000000004 0.4734375 0.14531250000000004 0.47343750000000007 0.7640625 0.5312500000000002 0.7640625
3 0.3062500000000001 0.6125 0.0031250000000000748 0.6125 0.003125000000000087 0.8078125 0.3062500000000001 0.8078125
3 0.4265625000000002 0.8296875 0.2390625000000001 0.8296875 0.2390625000000001 0.996875 0.4265625000000002 0.996875
3 0.9984375 0.43281250000000016 0.796875 0.43281250000000016 0.796875 0.7000000000000002 0.9984375 0.7000000000000002
4 0.08125000000000009 0.75625 0.02656250000000009 0.75625 0.026562500000000093 0.8140625 0.08125000000000009 0.8140625