4 0.996875 0.3843750000000001 0.759375 0.3843750000000001 0.759375 0.6203125000000002 0.996875 0.6203125000000002
3 0.4843750000000001 0.12031250000000004 0.2140625 0.12031250000000004 0.21406250000000004 0.9828125 0.48437500000000017 0.9828125
4 0.5890625 0.434375 0.5421875 0.434375 0.5421875 0.4828125 0.5890625 0.4828125
1 0.06562500000000006 0.025000000000000005 0.006250000000000003 0.025 0.006250000000000059 0.959375 0.06562500000000011 0.959375
3 0.9140625 0.001562500000000059 0.0484375 0.0015625000000000062 0.04843750000000001 0.16250000000000006 0.9140625 0.16250000000000014
3 0.25312500000000004 0.02187500000000002 0.025 0.021875000000000006 0.025000000000000057 0.9265625 0.2531250000000001 0.9265625
1 1 0.17343750000000013 0.9140625 0.17343750000000013 0.9140625 0.3843750000000001 1 0.3843750000000001
4 0.828125 0.3984375000000001 0.7859375 0.3984375000000001 0.7859375 0.4593750000000002 0.828125 0.4593750000000002
4 0.4734375 0.27968750000000003 0.359375 0.2796875 0.35937500000000006 0.490625 0.4734375 0.490625
1 0.396875 0.00468750000000004 0.25 0.00468750000000003 0.25 0.032812500000000036 0.396875 0.03281250000000004
1 0.5375 0.3578125000000001 0.459375 0.3578125000000001 0.459375 0.4796875 0.5375 0.4796875
1 0.5328125 0.2578125000000001 0.4578125 0.2578125000000001 0.4578125 0.3750000000000001 0.5328125 0.3750000000000001
1 0.26875 0.006250000000000029 0.1984375 0.006250000000000025 0.1984375 0.11562500000000005 0.26875 0.11562500000000005
3 0.7390625 0.010937500000000076 0.509375 0.010937500000000062 0.509375 0.2718750000000001 0.7390625 0.2718750000000001
1 0.4375 0.16718750000000004 0.309375 0.16718750000000004 0.309375 0.30937500000000007 0.4375 0.30937500000000007
1 0.403125 0.004687500000000041 0.259375 0.004687500000000032 0.259375 0.12500000000000006 0.403125 0.12500000000000006
1 0.2 0.001562500000000017 0.0765625 0.0015625000000000096 0.0765625 0.11562500000000002 0.2 0.11562500000000005
1 0.09062500000000004 0.1625 0.017187500000000022 0.1625 0.01718750000000003 0.2890625 0.09062500000000004 0.2890625
1 0.15000000000000005 0.30625 0.08125000000000004 0.30625 0.08125000000000004 0.4171875 0.15000000000000005 0.4171875
1 0.14375000000000004 0.2203125 0.07500000000000002 0.2203125 0.07500000000000004 0.3234375 0.14375000000000004 0.3234375
1 0.2765625 0.215625 0.20625 0.215625 0.20625 0.3296875 0.2765625 0.3296875