4 0.996875 6.113666442618428e-17 0.0015625 1.9135106236677395e-19 0.001562500000000061 0.996875 0.996875 0.996875
4 0.36406250000000007 0.26093750000000004 0.001562500000000032 0.2609375 0.0015625000000000764 0.9875 0.36406250000000007 0.9875
1 0.990625 0.012500000000000084 0.3421875 0.012500000000000044 0.3421875 0.3609375 0.990625 0.3609375000000001
4 0.06250000000000007 0.4640625 0.010937500000000055 0.4640625 0.010937500000000062 0.5375 0.06250000000000007 0.5375
1 0.64375 0.06562500000000004 0.010937500000000008 0.065625 0.010937500000000027 0.35468750000000004 0.64375 0.3546875000000001
4 0.5375 0.10156250000000004 0.4421875 0.10156250000000004 0.4421875 0.18906250000000005 0.5375 0.18906250000000005
4 0.17187500000000014 0.91875 0.07500000000000011 0.91875 0.07500000000000011 0.9921875 0.17187500000000014 0.9921875
4 0.3703125000000001 0.37031250000000004 0.17656250000000004 0.3703125 0.17656250000000007 0.565625 0.3703125000000001 0.565625
4 0.10468750000000009 0.5625 0.0031250000000000696 0.5625 0.00312500000000008 0.734375 0.10468750000000009 0.734375
3 0.19843750000000002 0.009375000000000012 0.0031250000000000015 0.009375 0.00312500000000002 0.321875 0.19843750000000004 0.321875
4 0.17656250000000007 0.4046875 0.00625000000000005 0.4046875 0.006250000000000059 0.56875 0.1765625000000001 0.56875
3 0.3453125 0.2796875 0.16562500000000005 0.2796875 0.16562500000000005 0.4671875 0.3453125000000001 0.4671875
4 0.3828125 0.0015625000000000343 0.1765625 0.0015625000000000216 0.1765625 0.1921875 0.3828125 0.19218750000000004
3 1 0.0015625000000001066 0.74375 0.001562500000000091 0.74375 0.09687500000000011 1 0.09687500000000013
4 0.1828125 0.017187500000000015 0.0859375 0.017187500000000012 0.08593750000000001 0.16562500000000002 0.1828125 0.16562500000000005
1 0.184375 0.0015625000000000174 0.0953125 0.0015625000000000118 0.0953125 0.039062500000000014 0.184375 0.03906250000000002
4 0.7171875 0.01406250000000008 0.609375 0.014062500000000071 0.609375 0.12656250000000008 0.7171875 0.12656250000000008
4 0.12031250000000011 0.778125 0.021875000000000096 0.778125 0.021875000000000103 0.9203125 0.12031250000000013 0.9203125
1 0.3140625 0.209375 0.19375000000000003 0.209375 0.19375000000000003 0.303125 0.3140625 0.303125
1 0.334375 0.0031250000000000366 0.2640625 0.003125000000000032 0.2640625 0.03906250000000004 0.334375 0.03906250000000004
4 0.775 0.001562500000000092 0.7234375 0.0015625000000000888 0.7234375 0.0468750000000001 0.775 0.0468750000000001
4 0.4765625 0.39843750000000006 0.3531250000000001 0.3984375 0.3531250000000001 0.4921875 0.4765625 0.4921875
4 0.8734375 0.003125000000000099 0.75 0.0031250000000000917 0.75 0.0515625000000001 0.8734375 0.05156250000000011