4 0.66875 0.14843750000000008 0.6 0.14843750000000008 0.6 0.24375000000000008 0.66875 0.24375000000000008
1 0.9890625 0.00937500000000006 1.1481063742006436e-18 0.009375 6.161504208210122e-17 0.996875 0.9890625 0.996875
3 0.4062500000000001 0.528125 6.467665907996959e-17 0.528125 9.318796737261892e-17 0.99375 0.40625000000000017 0.99375
3 0.34843750000000007 0.353125 0.007812500000000045 0.353125 0.00781250000000006 0.6453125 0.34843750000000007 0.6453125
3 0.9703125 0.2296875000000001 0.7890625 0.2296875000000001 0.7890625 0.47656250000000017 0.9703125 0.47656250000000017
1 0.39531250000000007 0.014062500000000025 0.0031250000000000015 0.0140625 0.003125000000000027 0.4296875 0.39531250000000007 0.4296875
1 0.8640625 0.012500000000000094 0.671875 0.012500000000000084 0.671875 0.1609375000000001 0.8640625 0.1609375000000001
3 0.1843750000000001 0.5859375 0.014062500000000071 0.5859375 0.01406250000000008 0.7203125 0.1843750000000001 0.7203125
4 0.6 0.425 0.5609375 0.425 0.5609375 0.478125 0.6 0.478125
4 0.14375000000000007 0.4390625 0.012500000000000056 0.4390625 0.012500000000000061 0.5578125 0.1437500000000001 0.5578125
4 0.821875 0.3531250000000001 0.75 0.3531250000000001 0.75 0.44531250000000017 0.821875 0.44531250000000017
4 0.1875000000000001 0.8125 0.0125000000000001 0.8125 0.012500000000000112 0.9984375 0.18750000000000014 0.9984375
4 0.07968750000000006 0.4625 0.017187500000000057 0.4625 0.01718750000000006 0.5328125 0.07968750000000006 0.5328125
3 0.5921875 0.18906250000000008 0.4703125 0.18906250000000005 0.4703125 0.26250000000000007 0.5921875 0.26250000000000007
4 0.628125 0.36406250000000007 0.590625 0.36406250000000007 0.590625 0.39531250000000007 0.628125 0.39531250000000007
4 0.596875 0.3546875000000001 0.5515625 0.3546875000000001 0.5515625 0.3906250000000001 0.596875 0.3906250000000001
3 0.9625 0.2593750000000001 0.8234375 0.2593750000000001 0.8234375 0.3187500000000001 0.9625 0.3187500000000001
1 0.984375 0.11250000000000011 0.8828125 0.11250000000000009 0.8828125 0.21250000000000008 0.984375 0.21250000000000008
4 0.603125 0.37968750000000007 0.55625 0.37968750000000007 0.55625 0.4328125 0.603125 0.4328125
1 0.20468750000000005 0.3046875 0.10000000000000005 0.3046875 0.10000000000000005 0.403125 0.20468750000000008 0.403125
4 0.1765625 0.0015625000000000163 0.0890625 0.0015625000000000111 0.0890625 0.054687500000000014 0.1765625 0.05468750000000002
4 0.715625 0.04531250000000008 0.6421875 0.045312500000000075 0.6421875 0.14062500000000008 0.715625 0.14062500000000008
4 0.6234375 0.07968750000000006 0.5265625 0.07968750000000006 0.5265625 0.15625000000000006 0.6234375 0.15625000000000008
4 0.3140625 2.4397260451763677e-17 0.084375 1.0332957367805793e-17 0.084375 0.07500000000000002 0.3140625 0.07500000000000004
4 0.778125 0.11875000000000009 0.7078125 0.11875000000000009 0.7078125 0.21093750000000008 0.778125 0.21093750000000008
4 0.6109375 0.2875000000000001 0.5578125 0.2875000000000001 0.5578125 0.3515625000000001 0.6109375 0.3515625000000001
3 0.984375 0.4562500000000001 0.07656250000000006 0.45625 0.07656250000000009 0.996875 0.984375 0.996875