4 0.18125000000000005 0.2703125 0.07968750000000002 0.2703125 0.07968750000000004 0.3828125 0.18125000000000005 0.3828125
3 0.7859375000000001 0.27968750000000003 0.2703125 0.2796875 0.27031250000000007 1 0.7859375000000002 1
3 0.28906250000000006 0.023437500000000017 0.010937500000000003 0.0234375 0.010937500000000062 0.9921875 0.2890625000000001 0.9921875
1 0.953125 0.18437500000000012 0.88125 0.1843750000000001 0.88125 0.2921875000000001 0.953125 0.2921875000000001
1 0.1671875 1.4351329677508044e-17 0.0671875 8.228095681771279e-18 0.0671875 0.06250000000000001 0.1671875 0.06250000000000003
1 0.16875 0.05781250000000001 0.0609375 0.0578125 0.06093750000000001 0.175 0.16875 0.175
1 0.16875 0.1671875 0.059375000000000025 0.1671875 0.059375000000000025 0.259375 0.16875000000000004 0.259375
1 0.79375 0.2718750000000001 0.65625 0.2718750000000001 0.65625 0.3578125000000001 0.79375 0.3578125000000001
1 0.3421875 0.048437500000000036 0.253125 0.048437500000000036 0.253125 0.12187500000000004 0.3421875 0.12187500000000004
1 0.25781250000000006 0.309375 0.16718750000000004 0.309375 0.16718750000000004 0.390625 0.2578125000000001 0.390625
1 0.353125 0.11562500000000005 0.25625 0.11562500000000005 0.25625 0.19687500000000005 0.353125 0.19687500000000005
1 0.4421875 0.08593750000000004 0.34375 0.08593750000000004 0.34375 0.19687500000000005 0.4421875 0.19687500000000005
1 0.5203125 0.11093750000000005 0.4265625 0.11093750000000005 0.4265625 0.2093750000000001 0.5203125 0.2093750000000001
1 0.90625 0.2890625000000001 0.8078125 0.2890625000000001 0.8078125 0.41718750000000016 0.90625 0.41718750000000016
1 0.3453125 0.0015625000000000367 0.253125 0.0015625000000000313 0.253125 0.056250000000000036 0.3453125 0.05625000000000004
1 0.9515625 0.1656250000000001 0.8796875 0.16562500000000008 0.8796875 0.2140625000000001 0.9515625 0.2140625000000001
1 0.25468750000000007 0.3734375 0.16250000000000003 0.3734375 0.16250000000000003 0.459375 0.25468750000000007 0.459375
1 0.07500000000000004 0.2609375 0.001562500000000032 0.2609375 0.0015625000000000374 0.353125 0.07500000000000004 0.353125
1 0.3453125 0.284375 0.2578125 0.284375 0.25781250000000006 0.371875 0.3453125000000001 0.371875
1 0.809375 0.004687500000000089 0.6515625 0.004687500000000079 0.6515625 0.11562500000000009 0.809375 0.11562500000000009
3 0.4640625 0.17968750000000006 0.253125 0.17968750000000006 0.253125 0.23281250000000003 0.4640625 0.2328125000000001
1 0.6609375 0.2718750000000001 0.5765625 0.2718750000000001 0.5765625 0.3687500000000001 0.6609375 0.3687500000000001
1 0.259375 0.23125 0.16875000000000004 0.23125 0.16875000000000004 0.321875 0.259375 0.321875
1 0.5140625 0.5046875 0.421875 0.5046875 0.421875 0.578125 0.5140625 0.578125
1 0.253125 0.0031250000000000258 0.16875 0.003125000000000021 0.16875 0.09375000000000003 0.253125 0.09375000000000003
1 0.515625 5.673558999174847e-17 0.4109375 5.032532940246154e-17 0.4109375 0.06875000000000006 0.515625 0.06875000000000006
1 0.7578125 0.19531250000000008 0.6546875 0.19531250000000008 0.6546875 0.2875000000000001 0.7578125 0.2875000000000001
1 0.434375 0.5359375 0.34062500000000007 0.5359375 0.34062500000000007 0.6171875 0.434375 0.6171875
1 0.75625 0.1140625000000001 0.65625 0.1140625000000001 0.65625 0.19531250000000008 0.75625 0.19531250000000008
1 0.5984375 0.07343750000000007 0.509375 0.07343750000000007 0.509375 0.18906250000000008 0.5984375 0.18906250000000008
1 0.809375 0.44218750000000007 0.653125 0.4421875 0.653125 0.534375 0.809375 0.5343750000000002
1 0.25625 0.12187500000000002 0.1671875 0.121875 0.16718750000000002 0.225 0.25625 0.225
1 0.07812500000000006 0.40625 0.00156250000000005 0.40625 0.00156250000000006 0.5703125 0.07812500000000007 0.5703125
1 0.0687500000000001 0.790625 9.682363755758761e-17 0.790625 1.0371227580279148e-16 0.903125 0.06875000000000012 0.903125
3 0.5265625 0.15625000000000006 0.4109375 0.15625000000000006 0.41093750000000007 0.99375 0.5265625000000002 0.99375
1 0.17968750000000003 0.1265625 0.15625 0.1265625 0.15625000000000003 0.44375 0.17968750000000006 0.44375
1 0.515625 0.3578125000000001 0.421875 0.3578125000000001 0.421875 0.4375 0.515625 0.4375
4 0.8140625 0.3906250000000001 0.7296875 0.3906250000000001 0.7296875 0.47656250000000017 0.8140625 0.47656250000000017
1 0.16875000000000007 0.428125 0.07187500000000005 0.428125 0.07187500000000005 0.546875 0.1687500000000001 0.546875
1 0.509375 0.446875 0.41875 0.446875 0.41875 0.515625 0.509375 0.515625
1 0.5125 0.2078125000000001 0.41875 0.2078125000000001 0.41875 0.3031250000000001 0.5125 0.3031250000000001
1 0.4265625 0.33437500000000003 0.3390625 0.334375 0.33906250000000004 0.4125 0.4265625 0.4125
1 0.6609375 0.3687500000000001 0.571875 0.3687500000000001 0.571875 0.4890625 0.6609375 0.4890625
1 0.4296875 0.384375 0.3375000000000001 0.384375 0.3375000000000001 0.459375 0.4296875 0.459375
1 0.43750000000000017 0.7921875 0.3421875000000001 0.7921875 0.3421875000000001 0.8890625 0.43750000000000017 0.8890625
1 0.3437500000000001 0.3765625 0.2562500000000001 0.3765625 0.2562500000000001 0.45625 0.3437500000000001 0.45625
1 0.434375 0.0015625000000000471 0.3359375 0.0015625000000000409 0.3359375 0.08750000000000005 0.434375 0.08750000000000005
1 0.5890625 0.3265625000000001 0.50625 0.3265625000000001 0.50625 0.3968750000000001 0.5890625 0.3968750000000001
1 0.95 0.2875000000000001 0.871875 0.2875000000000001 0.871875 0.4156250000000002 0.95 0.4156250000000002
1 0.5875 0.17656250000000007 0.5109375 0.17656250000000004 0.5109375 0.2609375000000001 0.5875 0.2609375000000001
1 0.4171875 0.4484375 0.3375000000000001 0.4484375 0.3375000000000001 0.5125 0.4171875 0.5125
1 0.953125 0.0015625000000001076 0.803125 0.0015625000000000985 0.803125 0.11718750000000011 0.953125 0.11718750000000014
1 0.590625 0.2609375000000001 0.5078125 0.2609375000000001 0.5078125 0.3515625000000001 0.590625 0.3515625000000001
1 0.425 0.20468750000000005 0.2578125 0.2046875 0.2578125 0.29375000000000007 0.425 0.29375000000000007
1 0.08750000000000009 0.303125 0.051562500000000046 0.303125 0.05156250000000009 1 0.08750000000000013 1
1 0.16562500000000005 0.24375 0.06406250000000002 0.24375 0.06406250000000004 0.3203125 0.16562500000000005 0.3203125
1 0.8046875 0.34062500000000007 0.6625 0.34062500000000007 0.6625 0.4046875000000001 0.8046875 0.4046875000000002
1 0.6625 0.07968750000000008 0.5796875 0.07968750000000006 0.5796875 0.1687500000000001 0.6625 0.1687500000000001
1 0.4281250000000002 0.875 0.34062500000000007 0.875 0.34062500000000007 0.9671875 0.4281250000000002 0.9671875
1 0.4296875 0.6078125 0.34062500000000007 0.6078125 0.34062500000000007 0.6828125 0.4296875 0.6828125
4 0.16718750000000004 0.3515625 0.08125000000000004 0.3515625 0.08125000000000004 0.4296875 0.16718750000000004 0.4296875
1 0.3437500000000001 0.4421875 0.2531250000000001 0.4421875 0.2531250000000001 0.5125 0.3437500000000001 0.5125
4 0.5765625 0.4484375 0.503125 0.4484375 0.503125 0.534375 0.5765625 0.534375
1 0.0609375 0.059375 7.271340369937409e-18 0.059375 8.993499931238374e-18 0.0875 0.0609375 0.0875
1 0.9171875 0.2812500000000001 0.8734375 0.2812500000000001 0.8734375 0.2968750000000001 0.9171875 0.2968750000000001
1 0.05468750000000009 0.7671875 0.0015625000000000938 0.7671875 0.0015625000000000957 0.7984375 0.05468750000000009 0.7984375
1 0.8796875 0.2484375000000001 0.809375 0.2484375000000001 0.809375 0.2843750000000001 0.8796875 0.2843750000000001
4 0.11562500000000005 0.3328125 0.06250000000000004 0.3328125 0.06250000000000004 0.40625 0.11562500000000005 0.40625
1 0.909375 0.0687500000000001 0.6359375 0.06875000000000009 0.6359375 0.1265625000000001 0.909375 0.12656250000000013