1 0.9875 0.0015625000000000608 0.0046875 0.0015625000000000007 0.00468750000000006 0.978125 0.9875 0.978125
4 0.9203125 0.11718750000000011 0.5640625 0.11718750000000008 0.5640625 0.44218750000000007 0.9203125 0.4421875000000002
4 0.27812500000000007 0.284375 0.039062500000000035 0.284375 0.03906250000000004 0.496875 0.27812500000000007 0.496875
4 0.28906250000000006 0.11718750000000003 0.010937500000000013 0.1171875 0.010937500000000029 0.3703125 0.2890625000000001 0.3703125
3 0.3046875000000001 0.48125 0.001562500000000059 0.48125 0.0015625000000000899 0.9859375 0.3046875000000001 0.9859375
4 0.20625 0.11875000000000002 0.06875000000000002 0.11875 0.06875000000000002 0.20625 0.20625 0.20625
4 0.6890625 0.13906250000000006 0.3984375 0.13906250000000003 0.39843750000000006 0.4765625 0.6890625 0.4765625
4 0.51875 0.09062500000000005 0.4375 0.09062500000000004 0.4375 0.16875000000000004 0.51875 0.16875000000000004
4 0.2562500000000001 0.63125 0.17187500000000008 0.63125 0.17187500000000008 0.7265625 0.2562500000000001 0.7265625
1 0.28593750000000007 0.5046875 0.00937500000000006 0.5046875 0.00937500000000007 0.653125 0.28593750000000007 0.653125
1 0.628125 0.15000000000000008 0.353125 0.15000000000000005 0.353125 0.18593750000000006 0.628125 0.1859375000000001
4 0.290625 0.08125000000000003 0.1921875 0.08125000000000002 0.1921875 0.18750000000000006 0.290625 0.18750000000000006
4 0.75 0.13437500000000008 0.5734375 0.13437500000000008 0.5734375 0.2921875000000001 0.75 0.2921875000000001
4 0.14531250000000004 0.3703125 0.04843750000000004 0.3703125 0.04843750000000006 0.5015625 0.14531250000000004 0.5015625
4 0.115625 0.0015625000000000072 0.003125 0.0015625000000000007 0.0031250000000000054 0.09062500000000001 0.115625 0.09062500000000002
4 0.44375 5.0516680464828325e-17 0.38125 4.6689659217492845e-17 0.38125 0.05468750000000004 0.44375 0.05468750000000004
4 0.08437500000000003 0.2640625 3.2338329539984796e-17 0.2640625 3.9035616722821886e-17 0.3734375 0.08437500000000005 0.3734375
4 0.815625 0.1218750000000001 0.73125 0.1218750000000001 0.73125 0.2015625000000001 0.815625 0.2015625000000001
4 0.10000000000000005 0.346875 0.003125000000000043 0.346875 0.0031250000000000505 0.4796875 0.10000000000000005 0.4796875
1 1 0.0031250000000001125 0.8421875 0.0031250000000001025 0.8421875 0.2156250000000001 1 0.2156250000000001
1 0.9890625 0.28593750000000007 0.007812500000000036 0.2859375 0.007812500000000043 0.4000000000000001 0.9890625 0.4000000000000002
4 0.85625 0.0015625000000000875 0.571875 0.0015625000000000701 0.571875 0.1359375000000001 0.85625 0.1359375000000001
4 0.1140625000000001 0.584375 0.06406250000000006 0.584375 0.06406250000000008 0.653125 0.1140625000000001 0.653125
1 0.04062500000000012 0.91875 0.0031250000000001125 0.91875 0.0031250000000001173 0.9953125 0.04062500000000012 0.9953125
1 0.49375 0.4828125 0.04218750000000006 0.4828125 0.04218750000000006 0.5296875 0.49375 0.5296875
4 0.7906250000000001 0.6234375000000001 0.5109375 0.6234375 0.5109375 0.9125 0.7906250000000001 0.9125