4 0.5453125000000001 0.26250000000000007 0.06718750000000002 0.2625 0.06718750000000005 0.7375 0.5453125000000002 0.7375
1 0.996875 6.113666442618428e-17 0.0015625 1.9135106236677395e-19 0.001562500000000061 0.996875 0.996875 0.996875
4 0.2156250000000001 0.753125 0.08437500000000009 0.753125 0.0843750000000001 0.9296875 0.2156250000000001 0.9296875
2 0.44062500000000016 0.753125 0.08593750000000008 0.753125 0.08593750000000011 0.9984375 0.44062500000000016 0.9984375
4 0.7421875 0.00156250000000008 0.5640625 0.0015625000000000695 0.5640625 0.08750000000000008 0.7421875 0.08750000000000009
4 0.17187500000000006 0.44375 0.045312500000000054 0.44375 0.04531250000000006 0.5640625 0.17187500000000008 0.5640625
4 0.27656250000000004 0.2859375 0.17031250000000003 0.2859375 0.17031250000000003 0.3734375 0.2765625000000001 0.3734375
4 0.471875 0.0015625000000000471 0.2984375 0.0015625000000000367 0.2984375 0.17656250000000004 0.471875 0.17656250000000004
4 0.1671875000000001 0.56875 0.03125000000000007 0.56875 0.03125000000000007 0.659375 0.1671875000000001 0.659375
4 0.7 0.09687500000000007 0.5515625 0.09687500000000007 0.5515625 0.2750000000000001 0.7 0.2750000000000001
4 0.3359375 0.1453125 0.1796875 0.1453125 0.17968750000000003 0.2984375 0.3359375 0.2984375
4 0.6140625 0.16093750000000007 0.315625 0.16093750000000004 0.315625 0.35625000000000007 0.6140625 0.35625000000000007
4 0.91875 1.0390362686515826e-16 0.778125 9.529282905865343e-17 0.778125 0.0796875000000001 0.91875 0.0796875000000001
4 0.5546875 0.08593750000000007 0.475 0.08593750000000007 0.475 0.17031250000000006 0.5546875 0.1703125000000001
4 1 0.2296875000000001 0.915625 0.2296875000000001 0.915625 0.3390625000000001 1 0.3390625000000001
4 0.55 0.35625000000000007 0.403125 0.35625000000000007 0.403125 0.4796875 0.55 0.4796875
4 0.08125000000000002 0.0890625 0.01406250000000001 0.0890625 0.014062500000000016 0.16875 0.08125000000000002 0.16875
4 0.11250000000000011 0.7890625 0.0031250000000000973 0.7890625 0.003125000000000107 0.95625 0.11250000000000013 0.95625
4 0.12656250000000005 0.3421875 0.0015625000000000417 0.3421875 0.0015625000000000482 0.45 0.12656250000000005 0.45
4 0.18593750000000003 0.14218750000000002 0.07500000000000002 0.1421875 0.07500000000000002 0.2265625 0.18593750000000003 0.2265625
4 0.057812500000000024 0.15 0.003125000000000018 0.15 0.003125000000000025 0.2609375 0.057812500000000024 0.2609375
4 0.9984375 0.3140625000000001 0.8046875 0.3140625000000001 0.8046875 0.4390625000000002 0.9984375 0.4390625000000002
4 0.809375 0.3390625000000001 0.54375 0.3390625000000001 0.54375 0.4546875000000001 0.809375 0.4546875000000002
4 0.425 0.30312500000000003 0.2796875 0.303125 0.27968750000000003 0.38281250000000006 0.425 0.3828125000000001
4 0.8140625 0.07187500000000009 0.684375 0.07187500000000009 0.684375 0.20468750000000008 0.8140625 0.20468750000000008
4 0.15000000000000008 0.6484375 0.00781250000000008 0.6484375 0.007812500000000085 0.725 0.15000000000000008 0.725
4 0.05156250000000005 0.4421875 0.001562500000000054 0.4421875 0.001562500000000061 0.553125 0.05156250000000007 0.553125
4 0.25625000000000003 0.325 0.08593750000000004 0.325 0.08593750000000006 0.625 0.2562500000000001 0.625
4 0.0875 5.5491808086364435e-18 0.003125 3.827021247335479e-19 0.003125000000000004 0.0734375 0.0875 0.0734375
4 0.19531250000000006 0.21875 0.026562500000000024 0.21875 0.026562500000000034 0.3515625 0.19531250000000006 0.3515625
4 0.309375 2.3536180671113197e-17 0.075 9.184850993605149e-18 0.07500000000000001 0.15781250000000002 0.309375 0.15781250000000005
4 1 0.07500000000000011 0.80625 0.0750000000000001 0.80625 0.2312500000000001 1 0.2312500000000001
1 1 1.1777657888674937e-16 0.9234375 1.130884778587634e-16 0.9234375 0.08437500000000012 1 0.08437500000000013
4 0.3671875 0.0031250000000000388 0.275 0.003125000000000033 0.275 0.057812500000000044 0.3671875 0.057812500000000044
4 0.0828125000000001 0.7171875 0.004687500000000087 0.7171875 0.004687500000000093 0.7953125 0.0828125000000001 0.7953125
4 0.6953125 0.08281250000000008 0.628125 0.08281250000000007 0.628125 0.1515625000000001 0.6953125 0.1515625000000001
4 0.7125 0.43125 0.5625 0.43125 0.5625 0.5015625 0.7125 0.5015625
4 0.5546875 0.001562500000000061 0.44375 0.001562500000000054 0.44375 0.03437500000000006 0.5546875 0.034375000000000065
1 0.5578125 0.023437500000000062 0.45 0.023437500000000056 0.45 0.08437500000000006 0.5578125 0.08437500000000006
4 0.628125 0.07656250000000006 0.5484375 0.07656250000000006 0.5484375 0.1218750000000001 0.628125 0.1218750000000001
4 0.8109375 0.2828125000000001 0.703125 0.2828125000000001 0.703125 0.3578125000000001 0.8109375 0.3578125000000001
4 0.10781250000000005 0.1875 0.05312500000000002 0.1875 0.05312500000000002 0.221875 0.10781250000000005 0.221875