3 0.996875 0.09531250000000005 0.0015625000000000118 0.0953125 0.0015625000000000586 0.8609375 0.996875 0.8609375
4 0.721875 0.5859375 0.64375 0.5859375 0.64375 0.7375 0.7218750000000002 0.7375
4 0.675 0.3234375000000001 0.6390625 0.3234375000000001 0.6390625 0.3812500000000001 0.675 0.3812500000000001
3 0.28593750000000007 0.4453125 0.003125000000000054 0.4453125 0.003125000000000077 0.8140625 0.28593750000000007 0.8140625
3 0.4953125000000001 0.4171875 0.16406250000000006 0.4171875 0.16406250000000006 0.8234375 0.49531250000000016 0.8234375
4 0.3281250000000001 0.559375 0.2984375000000001 0.559375 0.2984375000000001 0.5984375 0.3281250000000001 0.5984375
4 0.784375 0.40625000000000017 0.7609375 0.40625000000000017 0.7609375 0.44843750000000016 0.784375 0.44843750000000016
3 0.440625 0.31093750000000003 0.13593750000000004 0.3109375 0.13593750000000004 0.4953125 0.440625 0.4953125
4 0.8203125 0.0984375000000001 0.7171875 0.0984375000000001 0.7171875 0.2328125000000001 0.8203125 0.2328125000000001
4 0.4640625 0.2171875000000001 0.4375 0.2171875000000001 0.4375 0.2531250000000001 0.4640625 0.2531250000000001
1 0.10937500000000008 0.825 0.0468750000000001 0.825 0.046875000000000104 0.8765625 0.10937500000000008 0.8765625