4 0.4781250000000001 0.51875 0.06093750000000007 0.51875 0.06093750000000009 0.934375 0.4781250000000002 0.934375
4 0.7750000000000001 0.5515625000000001 0.503125 0.5515625 0.503125 0.8515625 0.7750000000000001 0.8515625
1 0.9984375 6.802530267138814e-17 0.1125 1.3777276490407724e-17 0.11250000000000004 0.8765625 0.9984375 0.8765625
3 0.33906250000000004 0.010937500000000027 0.1140625 0.010937500000000013 0.11406250000000004 0.59375 0.3390625000000001 0.59375
1 0.13906250000000006 0.03750000000000002 0.0984375 0.03750000000000001 0.09843750000000005 0.984375 0.13906250000000014 0.984375
4 0.3796875 0.13437500000000005 0.3203125 0.13437500000000005 0.3203125 0.19375000000000003 0.3796875 0.19375000000000003
4 0.23593750000000008 0.684375 0.08750000000000009 0.684375 0.0875000000000001 0.909375 0.23593750000000008 0.909375
4 0.2828125 0.11718750000000003 0.15625 0.1171875 0.15625000000000003 0.3109375 0.2828125 0.3109375
4 0.8453125 0.0890625000000001 0.7546875 0.08906250000000009 0.7546875 0.2328125000000001 0.8453125 0.2328125000000001
1 0.6625 0.18281250000000007 0.36875 0.18281250000000004 0.36875 0.3515625000000001 0.6625 0.3515625000000001
4 0.690625 0.14843750000000008 0.6453125 0.14843750000000008 0.6453125 0.18750000000000008 0.690625 0.18750000000000008
4 0.5359375 0.5890625 0.4453125 0.5890625 0.4453125 0.640625 0.5359375 0.640625
1 0.5 0.30937500000000007 0.3609375 0.309375 0.3609375 0.36718750000000006 0.5 0.3671875000000001
4 0.4078125 0.25781250000000006 0.2546875 0.2578125 0.2546875 0.31718750000000007 0.4078125 0.31718750000000007
3 0.9953125 0.006250000000000068 0.121875 0.006250000000000014 0.121875 0.10000000000000006 0.9953125 0.10000000000000013
1 0.10937500000000004 0.1828125 0.04531250000000002 0.1828125 0.04531250000000002 0.2 0.10937500000000004 0.2
4 0.4734375 0.59375 0.4171875 0.59375 0.4171875 0.6609375 0.4734375 0.6609375
1 0.665625 0.19062500000000007 0.5390625 0.19062500000000004 0.5390625 0.2640625000000001 0.665625 0.2640625000000001
4 0.953125 0.10156250000000011 0.884375 0.10156250000000008 0.884375 0.18437500000000012 0.953125 0.18437500000000012
4 0.21875000000000008 0.6046875 0.1140625000000001 0.6046875 0.1140625000000001 0.671875 0.21875000000000008 0.671875
1 0.803125 0.2968750000000001 0.678125 0.2968750000000001 0.678125 0.3515625000000001 0.803125 0.3515625000000001
1 0.9953125 0.30937500000000007 0.8578125 0.30937500000000007 0.8578125 0.36406250000000007 0.9953125 0.36406250000000007
1 0.45625 0.4203125 0.30156250000000007 0.4203125 0.30156250000000007 0.478125 0.45625 0.478125
4 0.1437500000000001 0.678125 0.07343750000000009 0.678125 0.07343750000000009 0.734375 0.1437500000000001 0.734375
1 0.496875 0.2468750000000001 0.4 0.2468750000000001 0.4 0.3000000000000001 0.496875 0.3000000000000001