4 0.996875 0.2156250000000001 0.5453125 0.2156250000000001 0.5453125 0.7000000000000001 0.996875 0.7000000000000002
4 0.10937500000000007 0.3359375 4.11404784088564e-17 0.3359375 5.405667511861364e-17 0.546875 0.10937500000000008 0.546875
1 0.9984375 0.5281250000000001 6.467665907996959e-17 0.528125 9.337931843498569e-17 0.996875 0.9984375 0.996875
4 0.9984375 0.22031250000000008 0.7921875 0.22031250000000008 0.7921875 0.4468750000000002 0.9984375 0.4468750000000002
3 0.4140625000000001 0.6109375 0.009375000000000074 0.6109375 0.009375000000000095 0.9234375 0.41406250000000017 0.9234375
1 0.6 0.5 0.3125000000000001 0.5 0.3125000000000001 0.6390625 0.6 0.6390625
1 0.26250000000000007 0.603125 0.1937500000000001 0.603125 0.1937500000000001 0.6484375 0.26250000000000007 0.6484375
1 0.1671875000000001 0.85625 0.10937500000000008 0.85625 0.10937500000000011 0.9078125 0.16718750000000013 0.9078125
1 0.2640625000000001 0.640625 0.14218750000000008 0.640625 0.14218750000000008 0.7171875 0.2640625000000001 0.7171875
1 0.07187500000000009 0.75 0.028125000000000087 0.75 0.028125000000000094 0.79375 0.07187500000000009 0.79375
1 0.0437500000000001 0.79375 0.0015625000000000972 0.79375 0.0015625000000000998 0.8390625 0.0437500000000001 0.8390625
1 0.28593750000000007 0.578125 0.2453125000000001 0.578125 0.2453125000000001 0.6140625 0.28593750000000007 0.6140625
4 0.778125 0.5265625 0.6484375 0.5265625 0.6484375 0.6531250000000001 0.778125 0.6531250000000002
4 0.4140625 0.475 0.3531250000000001 0.475 0.3531250000000001 0.5546875 0.4140625 0.5546875
4 0.04843750000000005 0.3359375 4.11404784088564e-17 0.3359375 4.6115606030392513e-17 0.4171875 0.04843750000000006 0.4171875
1 0.3859375000000001 0.5671875 0.34062500000000007 0.5671875 0.34062500000000007 0.6296875 0.3859375000000001 0.6296875
1 0.2328125000000001 0.725 0.01562500000000009 0.725 0.015625000000000094 0.8375 0.2328125000000001 0.8375
4 0.6421875 0.32500000000000007 0.5359375 0.32500000000000007 0.5359375 0.5171875 0.6421875 0.5171875
1 0.4203125 0.571875 0.37968750000000007 0.571875 0.37968750000000007 0.634375 0.4203125 0.634375
1 0.1906250000000001 0.5640625 0.15781250000000008 0.5640625 0.15781250000000008 0.6 0.1906250000000001 0.6
1 0.12656250000000013 0.95 0.020312500000000115 0.95 0.02031250000000012 1 0.12656250000000013 1
1 0.3156250000000001 0.5890625 0.2828125000000001 0.5890625 0.2828125000000001 0.6203125 0.3156250000000001 0.6203125
3 0.1390625000000001 0.5515625 6.754692501547121e-17 0.5515625 7.539231857250894e-17 0.6796875 0.1390625000000001 0.6796875
1 0.12968750000000012 0.9078125 0.05312500000000011 0.9078125 0.05312500000000011 0.9796875 0.12968750000000012 0.9796875