4 0.5484375 0.19687500000000008 0.4328125 0.19687500000000005 0.4328125 0.3343750000000001 0.5484375 0.3343750000000001
4 0.9015625 0.2312500000000001 0.828125 0.2312500000000001 0.828125 0.3421875000000001 0.9015625 0.3421875000000001
1 0.996875 0.053125000000000054 0.0015625000000000062 0.053125 0.0015625000000000643 0.9953125 0.996875 0.9953125
4 0.15937500000000007 0.409375 0.031250000000000056 0.409375 0.03125000000000006 0.5671875 0.1593750000000001 0.5671875
3 0.9515625 0.6125 0.01875000000000008 0.6125 0.0187500000000001 0.9953125 0.9515625 0.9953125
3 0.7125 0.12343750000000006 0.4203125 0.12343750000000005 0.4203125 0.4234375 0.7125 0.4234375
4 0.859375 0.2906250000000001 0.628125 0.2906250000000001 0.628125 0.4718750000000001 0.859375 0.47187500000000016
3 0.4421875000000002 0.8015625 9.816309499415503e-17 0.8015625 1.0993118532971163e-16 0.99375 0.4421875000000002 0.99375
4 0.996875 0.3765625000000001 0.853125 0.3765625000000001 0.853125 0.48750000000000016 0.996875 0.48750000000000016
1 0.48125 0.3921875 0.2390625000000001 0.3921875 0.2390625000000001 0.4359375 0.48125 0.4359375
4 0.525 0.15312500000000004 0.44375 0.15312500000000004 0.44375 0.23437500000000008 0.525 0.23437500000000008
4 0.11562500000000005 0.38125 0.05312500000000005 0.38125 0.05312500000000005 0.4390625 0.11562500000000005 0.4390625
1 1 0.057812500000000114 0.784375 0.057812500000000086 0.784375 0.22031250000000008 1 0.22031250000000008
4 0.10468750000000004 0.4109375 0.06093750000000005 0.4109375 0.060937500000000054 0.4859375 0.10468750000000004 0.4859375
1 0.28437500000000004 0.3171875 0.06718750000000004 0.3171875 0.06718750000000004 0.415625 0.2843750000000001 0.415625
4 0.17968750000000008 0.79375 0.0062500000000000975 0.79375 0.006250000000000103 0.8890625 0.17968750000000008 0.8890625
1 0.9859375 0.001562500000000087 0.4375 0.0015625000000000534 0.4375 0.11250000000000009 0.9859375 0.11250000000000013
1 0.4875 0.4015625 0.4046875 0.4015625 0.4046875 0.4953125 0.4875 0.4953125
1 0.496875 0.28750000000000003 0.026562500000000034 0.2875 0.026562500000000037 0.33125000000000004 0.496875 0.3312500000000001
3 1 0.3062500000000001 0.690625 0.3062500000000001 0.690625 0.37968750000000007 1 0.37968750000000007
1 0.39531250000000007 0.8171875 0.2375000000000001 0.8171875 0.2375000000000001 0.9046875 0.39531250000000007 0.9046875
1 0.434375 0.31250000000000006 0.2921875 0.3125 0.29218750000000004 0.4171875 0.434375 0.4171875
1 0.4890625 0.0015625000000000304 0.0109375 0.0015625000000000014 0.010937500000000006 0.08281250000000004 0.4890625 0.08281250000000007
2 0.6796875 0.12187500000000007 0.4328125 0.12187500000000004 0.4328125 0.16093750000000007 0.6796875 0.1609375000000001
1 0.2515625 0.2359375 0.10937500000000004 0.2359375 0.10937500000000004 0.30625 0.2515625 0.30625
1 0.11875000000000009 0.5734375 0.0015625000000000701 0.5734375 0.0015625000000000753 0.6578125 0.11875000000000009 0.6578125
1 0.996875 0.2796875000000001 0.646875 0.2796875000000001 0.646875 0.3281250000000001 0.996875 0.3281250000000001
1 0.4390625 0.23125000000000004 0.2359375 0.23125 0.2359375 0.30312500000000003 0.4390625 0.3031250000000001
3 0.3062500000000001 0.646875 0.00625000000000008 0.646875 0.006250000000000086 0.7421875 0.3062500000000001 0.7421875
1 0.5046875 0.575 0.2562500000000001 0.575 0.2562500000000001 0.65625 0.5046875 0.65625
1 0.675 0.14687500000000006 0.465625 0.14687500000000003 0.465625 0.2250000000000001 0.675 0.2250000000000001
1 0.2828125 0.1453125 0.06875000000000002 0.1453125 0.06875000000000002 0.2265625 0.2828125 0.2265625
1 0.996875 0.2250000000000001 0.875 0.2250000000000001 0.875 0.3031250000000001 0.996875 0.3031250000000001
4 0.1203125 0.08750000000000001 0.059375 0.0875 0.05937500000000001 0.128125 0.1203125 0.128125
1 0.3812500000000001 0.7421875 0.1515625000000001 0.7421875 0.1515625000000001 0.81875 0.3812500000000001 0.81875
1 0.2484375000000001 0.40625 0.10312500000000005 0.40625 0.10312500000000005 0.490625 0.2484375000000001 0.490625
4 0.06875000000000009 0.65625 0.0015625000000000805 0.65625 0.0015625000000000842 0.721875 0.06875000000000009 0.721875
1 0.27812500000000007 0.484375 0.04218750000000006 0.484375 0.04218750000000006 0.571875 0.27812500000000007 0.571875