4 0.3343750000000001 0.4515625 0.19843750000000004 0.4515625 0.19843750000000007 0.565625 0.3343750000000001 0.565625
4 0.340625 0.09375000000000003 0.2296875 0.09375000000000003 0.2296875 0.17343750000000005 0.340625 0.17343750000000005
1 0.996875 0.0015625000000000643 0.0515625 0.0015625000000000062 0.05156250000000005 0.9953125 0.996875 0.9953125
1 0.13750000000000007 0.014062500000000009 0.0046875000000000016 0.0140625 0.004687500000000061 0.9984375 0.13750000000000012 0.9984375
3 0.22656250000000006 0.029687500000000016 0.1203125 0.029687500000000012 0.12031250000000007 0.975 0.22656250000000008 0.975
4 0.4171875000000001 0.38281250000000006 0.3062500000000001 0.3828125 0.3062500000000001 1 0.41718750000000016 1
1 0.896875 0.1437500000000001 0.8078125 0.1437500000000001 0.8078125 0.2468750000000001 0.896875 0.2468750000000001
1 0.5625 0.2500000000000001 0.4921875 0.2500000000000001 0.4921875 0.2671875000000001 0.5625 0.2671875000000001
1 0.9015625 0.22031250000000008 0.8125 0.22031250000000008 0.8125 0.4031250000000002 0.9015625 0.4031250000000002
1 0.215625 0.2 0.13750000000000004 0.2 0.13750000000000004 0.334375 0.215625 0.334375
4 0.2875000000000001 0.453125 0.2078125000000001 0.453125 0.2078125000000001 0.50625 0.2875000000000001 0.50625
1 0.890625 0.014062500000000106 0.8015625 0.0140625000000001 0.8015625 0.14843750000000008 0.890625 0.14843750000000008
1 0.990625 0.3281250000000001 0.9046875 0.3281250000000001 0.9046875 0.4625000000000002 0.990625 0.4625000000000002
4 0.39687500000000003 4.286263797015736e-17 0.303125 3.7122106099154144e-17 0.30312500000000003 0.6109375 0.3968750000000001 0.6109375
1 0.23125 0.004687500000000022 0.134375 0.004687500000000016 0.134375 0.1609375 0.23125 0.16093750000000004
1 0.7453125 0.4203125000000001 0.6703125 0.4203125 0.6703125 0.4640625000000001 0.7453125 0.46406250000000016
1 0.3125 0.16562500000000005 0.228125 0.16562500000000005 0.228125 0.346875 0.3125 0.346875
1 0.56875 0.2593750000000001 0.4828125 0.2593750000000001 0.4828125 0.3531250000000001 0.56875 0.3531250000000001
4 0.2796875 0.12031250000000004 0.23125 0.12031250000000004 0.23125 0.16406250000000006 0.2796875 0.16406250000000006
1 0.984375 0.20312500000000008 0.9078125 0.20312500000000008 0.9078125 0.3296875000000001 0.984375 0.3296875000000001
1 0.81875 0.11562500000000009 0.7421875 0.11562500000000009 0.7421875 0.2328125000000001 0.81875 0.2328125000000001
1 0.3796875 0.004687500000000042 0.30625 0.004687500000000037 0.30625 0.13437500000000005 0.3796875 0.13437500000000005
1 0.65 0.0031250000000000743 0.56875 0.0031250000000000696 0.56875 0.1140625000000001 0.65 0.1140625000000001
1 0.31718750000000007 0.7546875 0.23593750000000008 0.7546875 0.23593750000000008 0.896875 0.31718750000000007 0.896875
1 0.48125 0.3859375000000001 0.4015625 0.3859375000000001 0.4015625 0.5203125 0.48125 0.5203125
1 0.80625 0.003125000000000094 0.728125 0.0031250000000000886 0.728125 0.1218750000000001 0.80625 0.1218750000000001
1 0.653125 0.12031250000000009 0.571875 0.12031250000000009 0.571875 0.2406250000000001 0.653125 0.2406250000000001
1 0.7375 0.04687500000000008 0.65625 0.046875000000000076 0.65625 0.1468750000000001 0.7375 0.1468750000000001
1 0.978125 0.009375000000000114 0.8859375 0.009375000000000109 0.8859375 0.20468750000000008 0.978125 0.20468750000000008
1 0.4906250000000002 0.7609375 0.40625000000000017 0.7609375 0.40625000000000017 0.8921875 0.4906250000000002 0.8921875
1 0.740625 0.21093750000000008 0.6609375 0.21093750000000008 0.6609375 0.30156250000000007 0.740625 0.30156250000000007
4 0.4890625000000002 0.8859375 0.4046875000000002 0.8859375 0.4046875000000002 0.9984375 0.4890625000000002 0.9984375
1 0.30937500000000007 0.559375 0.23437500000000008 0.559375 0.23437500000000008 0.7640625 0.30937500000000007 0.7640625
1 0.16562500000000002 0.006250000000000014 0.0578125 0.006250000000000008 0.05781250000000001 0.2109375 0.16562500000000005 0.2109375
1 0.55625 0.3453125000000001 0.478125 0.3453125000000001 0.478125 0.4515625 0.55625 0.4515625
1 0.48125 0.14375000000000004 0.3953125 0.14375000000000004 0.39531250000000007 0.3859375000000001 0.48125 0.3859375000000001