1 0.996875 6.218909526920153e-17 0.01875 2.296212748401287e-18 0.018750000000000062 0.996875 0.996875 0.996875
3 0.20156250000000003 0.03437500000000001 0.034375 0.034375 0.03437500000000006 0.9890625 0.2015625000000001 0.9890625
3 0.3937500000000001 0.7828125 0.05937500000000009 0.7828125 0.0593750000000001 0.996875 0.3937500000000001 0.996875
4 0.490625 0.00312500000000005 0.3296875 0.00312500000000004 0.3296875 0.503125 0.490625 0.503125
1 0.9265625 0.2218750000000001 0.840625 0.2218750000000001 0.840625 0.3109375000000001 0.9265625 0.3109375000000001
3 0.3734375000000001 0.434375 0.07968750000000005 0.434375 0.07968750000000006 0.79375 0.3734375000000001 0.79375
1 0.9921875 0.14218750000000013 0.9125 0.14218750000000013 0.9125 0.2062500000000001 0.9921875 0.2062500000000001
1 0.91875 0.03593750000000011 0.8265625 0.0359375000000001 0.8265625 0.13125000000000012 0.91875 0.13125000000000014
1 0.4843750000000001 0.007812500000000056 0.421875 0.007812500000000052 0.4218750000000001 0.971875 0.48437500000000017 0.971875
4 0.6203125 6.917340904558878e-17 0.509375 6.23804463315683e-17 0.509375 0.540625 0.6203125 0.540625
1 0.7 0.3671875000000001 0.6109375 0.3671875000000001 0.6109375 0.4421875 0.7 0.4421875
1 0.6046875 0.16093750000000007 0.5140625 0.16093750000000004 0.5140625 0.2328125000000001 0.6046875 0.2328125000000001
1 0.9953125 0.2062500000000001 0.9203125 0.2062500000000001 0.9203125 0.31718750000000007 0.9953125 0.31718750000000007
1 0.7734375 0.20468750000000008 0.678125 0.20468750000000008 0.678125 0.2968750000000001 0.7734375 0.2968750000000001
1 0.596875 0.06093750000000007 0.5109375 0.06093750000000007 0.5109375 0.14375000000000007 0.596875 0.1437500000000001
1 0.06875000000000006 0.010937500000000005 0.009375 0.0109375 0.00937500000000006 0.9890625 0.06875000000000012 0.9890625
1 0.9875 0.10000000000000013 0.909375 0.10000000000000013 0.909375 0.15468750000000014 0.9875 0.15468750000000014
1 0.696875 0.25468750000000007 0.6015625 0.25468750000000007 0.6015625 0.34843750000000007 0.696875 0.34843750000000007
4 0.9484375 0.2593750000000001 0.65 0.2593750000000001 0.65 0.4296875000000001 0.9484375 0.42968750000000017
1 0.45 0.05625000000000004 0.365625 0.05625000000000004 0.365625 0.13750000000000004 0.45 0.13750000000000004
1 0.709375 0.4296875 0.6125 0.4296875 0.6125 0.4875 0.709375 0.4875
1 0.921875 0.1656250000000001 0.834375 0.16562500000000008 0.834375 0.22656250000000008 0.921875 0.22656250000000008
4 0.39687500000000003 0.3375 0.240625 0.3375 0.24062500000000003 0.440625 0.3968750000000001 0.440625
1 0.35781250000000003 4.0662100752939466e-17 0.30625 3.750480822388769e-17 0.30625 0.3734375 0.3578125000000001 0.3734375
1 0.6859375 0.0015625000000000784 0.596875 0.001562500000000073 0.596875 0.05937500000000008 0.6859375 0.05937500000000009
1 0.45625 0.15312500000000004 0.38125 0.15312500000000004 0.38125 0.22031250000000008 0.45625 0.22031250000000008
1 0.515625 0.05781250000000006 0.440625 0.057812500000000044 0.440625 0.11562500000000005 0.515625 0.11562500000000005
1 0.22968750000000004 0.18593750000000003 0.057812500000000024 0.1859375 0.05781250000000003 0.3953125 0.2296875000000001 0.3953125
1 0.9859375 0.006250000000000118 0.91875 0.006250000000000114 0.91875 0.10312500000000013 0.9859375 0.10312500000000013
1 0.596875 0.0015625000000000677 0.5109375 0.0015625000000000625 0.5109375 0.045312500000000075 0.596875 0.045312500000000075
4 0.7 0.18906250000000008 0.5875 0.18906250000000008 0.5875 0.2765625000000001 0.7 0.2765625000000001
1 0.309375 0.17343750000000005 0.25625 0.17343750000000005 0.25625 0.3265625 0.309375 0.3265625
4 0.02812500000000003 0.018750000000000003 0.001562500000000002 0.01875 0.0015625000000000296 0.4625 0.028125000000000056 0.4625
4 0.03593750000000007 0.4109375 5.032532940246154e-17 0.4109375 6.496368567351975e-17 0.65 0.03593750000000008 0.65
4 1 0.5750000000000001 0.65625 0.575 0.6562500000000001 0.821875 1 0.821875