0 0.99375 0.007812500000000062 0.0203125 0.007812500000000003 0.02031250000000006 0.9953125 0.99375 0.9953125
1 0.9578125 0.3109375000000001 0.8890625 0.3109375000000001 0.8890625 0.4859375000000002 0.9578125 0.4859375000000002
4 0.8640625 0.17187500000000008 0.7953125 0.17187500000000008 0.7953125 0.2796875000000001 0.8640625 0.2796875000000001
1 0.9953125 0.15625000000000014 0.9296875 0.15625000000000014 0.9296875 0.3062500000000001 0.9953125 0.3062500000000001
4 0.778125 0.11875000000000009 0.728125 0.11875000000000009 0.728125 0.22812500000000008 0.778125 0.22812500000000008
1 0.90625 0.2562500000000001 0.85625 0.2562500000000001 0.85625 0.32500000000000007 0.90625 0.32500000000000007
4 0.8015625 0.009375000000000095 0.74375 0.009375000000000092 0.74375 0.07812500000000008 0.8015625 0.07812500000000008
4 0.49218750000000017 0.7453125 0.4593750000000002 0.7453125 0.4593750000000002 0.828125 0.49218750000000017 0.828125
4 0.8796875 0.2953125000000001 0.821875 0.2953125000000001 0.821875 0.3812500000000001 0.8796875 0.3812500000000001
4 0.596875 0.3828125000000001 0.565625 0.3828125000000001 0.565625 0.453125 0.596875 0.453125
1 1 0.30156250000000007 0.9234375 0.30156250000000007 0.9234375 0.4625000000000002 1 0.4625000000000002
4 0.621875 0.3468750000000001 0.58125 0.3468750000000001 0.58125 0.4046875 0.621875 0.4046875
4 0.6953125 0.1546875000000001 0.5984375 0.1546875000000001 0.5984375 0.2468750000000001 0.6953125 0.2468750000000001
1 0.9859375 0.004687500000000114 0.8875 0.004687500000000108 0.8875 0.1265625000000001 0.9859375 0.12656250000000013
4 0.696875 0.403125 0.6609375 0.403125 0.6609375 0.4546875 0.696875 0.4546875
1 0.9265625 0.00468750000000011 0.8609375 0.004687500000000106 0.8609375 0.10156250000000011 0.9265625 0.10156250000000014
4 0.75 0.31718750000000007 0.6875 0.31718750000000007 0.6875 0.4140625000000001 0.75 0.41406250000000017
3 0.3812500000000001 0.8015625 0.05625000000000009 0.8015625 0.05625000000000011 1 0.3812500000000001 1
1 0.29375000000000007 0.584375 0.08906250000000007 0.584375 0.08906250000000009 0.8734375 0.29375000000000007 0.8734375
4 0.5390625 0.2390625000000001 0.396875 0.2390625000000001 0.39687500000000003 0.3765625000000001 0.5390625 0.3765625000000001
1 0.8609375 0.035937500000000094 0.7546875 0.03593750000000009 0.7546875 0.1921875000000001 0.8609375 0.1921875000000001
1 0.9421875 0.1031250000000001 0.8921875 0.10312500000000009 0.8921875 0.1734375000000001 0.9421875 0.17343750000000013
1 0.5625 0.001562500000000058 0.3875 0.0015625000000000471 0.3875 0.07968750000000005 0.5625 0.07968750000000006
3 0.5453125 0.11875000000000006 0.3828125 0.11875000000000005 0.3828125 0.2328125000000001 0.5453125 0.2328125000000001
1 0.4609375 0.31250000000000006 0.2890625 0.3125 0.28906250000000006 0.4515625 0.4609375 0.4515625
3 0.31093750000000003 0.228125 0.18750000000000006 0.228125 0.18750000000000006 0.5609375 0.3109375000000001 0.5609375
1 0.459375 0.421875 0.2953125000000001 0.421875 0.2953125000000001 0.5390625 0.459375 0.5390625
4 0.709375 0.06875000000000009 0.6484375 0.06875000000000009 0.6484375 0.1546875000000001 0.709375 0.1546875000000001
4 0.3640625 0.20468750000000005 0.3125 0.2046875 0.3125 0.321875 0.3640625 0.3218750000000001
4 0.6953125 0.3109375000000001 0.628125 0.3109375000000001 0.628125 0.3921875000000001 0.6953125 0.3921875000000001
4 0.7421875 0.0015625000000000875 0.6859375 0.001562500000000084 0.6859375 0.1453125000000001 0.7421875 0.1453125000000001
3 0.4078125 0.521875 0.2406250000000001 0.521875 0.2406250000000001 0.596875 0.4078125 0.596875
1 0.5625 0.028125000000000067 0.528125 0.028125000000000067 0.528125 0.29375000000000007 0.5625 0.29375000000000007
3 0.409375 4.429777093790816e-17 0.3140625 3.846156353572156e-17 0.3140625 0.06718750000000004 0.409375 0.06718750000000004
4 0.7859375 0.4625000000000001 0.55 0.4625 0.55 0.6515625 0.7859375 0.6515625000000002
4 1 0.5578125000000002 0.8546875 0.5578125000000002 0.8546875 0.98125 1 0.98125