0 0.95625 0.001562500000000059 0.003125 0.0015625000000000007 0.003125000000000061 0.9953125 0.95625 0.9953125
4 0.4390625 0.4890625 0.3062500000000001 0.4890625 0.3062500000000001 0.640625 0.4390625 0.640625
4 0.21406250000000004 0.16875 0.1203125 0.16875 0.12031250000000002 0.3828125 0.2140625000000001 0.3828125
4 0.17343750000000008 0.7390625 0.09375000000000008 0.7390625 0.09375000000000008 0.8125 0.17343750000000008 0.8125
4 0.1453125000000001 0.5515625 0.07031250000000007 0.5515625 0.07031250000000008 0.6796875 0.1453125000000001 0.6796875
4 0.2140625000000001 0.496875 0.16250000000000003 0.496875 0.16250000000000006 0.60625 0.2140625000000001 0.60625
4 0.04687500000000008 0.6453125 0.017187500000000078 0.6453125 0.017187500000000085 0.7296875 0.04687500000000009 0.7296875
4 0.2578125 0.007812500000000028 0.2015625 0.007812500000000024 0.2015625 0.07812500000000003 0.2578125 0.07812500000000003
4 0.2734375 0.11406250000000004 0.225 0.11406250000000004 0.225 0.23125 0.2734375 0.23125
4 0.4359375 0.3843750000000001 0.409375 0.3843750000000001 0.409375 0.4546875 0.4359375 0.4546875
3 0.1671875000000001 0.7921875 0.0062500000000000975 0.7921875 0.00625000000000011 0.9921875 0.16718750000000013 0.9921875
4 0.415625 0.15468750000000003 0.2953125 0.15468750000000003 0.2953125 0.26093750000000004 0.415625 0.2609375000000001
4 0.3062500000000001 0.5828125 0.2218750000000001 0.5828125 0.2218750000000001 0.6421875 0.3062500000000001 0.6421875
4 0.3609375000000001 0.55625 0.2984375000000001 0.55625 0.2984375000000001 0.6390625 0.3609375000000001 0.6390625
1 0.12031250000000004 0.315625 0.06406250000000005 0.315625 0.06406250000000005 0.4515625 0.12031250000000004 0.4515625
1 0.14843750000000006 0.2578125 0.09843750000000002 0.2578125 0.09843750000000004 0.3171875 0.14843750000000006 0.3171875
4 0.421875 0.3468750000000001 0.38125 0.3468750000000001 0.38125000000000003 0.409375 0.421875 0.409375
1 0.07343750000000003 0.1265625 0.0031250000000000154 0.1265625 0.003125000000000027 0.315625 0.07343750000000004 0.315625
4 0.3296875 0.3078125 0.25 0.3078125 0.25000000000000006 0.4234375 0.3296875000000001 0.4234375
0 0.7015625 6.027558464553378e-17 0.2828125 3.463454228838608e-17 0.2828125 0.31875000000000003 0.7015625 0.3187500000000001
1 0.10468750000000009 0.6359375 0.01875000000000008 0.6359375 0.01875000000000009 0.8078125 0.10468750000000009 0.8078125
4 0.2921875000000001 0.759375 0.2593750000000001 0.759375 0.2593750000000001 0.8 0.2921875000000001 0.8
1 0.07187500000000006 0.4984375 0.028125000000000056 0.4984375 0.02812500000000006 0.5703125 0.07187500000000006 0.5703125
4 0.0531250000000001 0.6359375 0.007812500000000078 0.6359375 0.007812500000000094 0.9140625 0.05312500000000011 0.9140625
1 0.07500000000000004 0.303125 0.01718750000000004 0.303125 0.017187500000000046 0.4421875 0.07500000000000004 0.4421875
4 0.029687500000000106 0.828125 0.0015625000000001014 0.828125 0.0015625000000001061 0.909375 0.02968750000000011 0.909375
1 0.4312500000000002 0.7984375 0.17187500000000008 0.7984375 0.1718750000000001 1 0.4312500000000002 1
1 0.09062500000000004 0.006250000000000008 0.0515625 0.0062500000000000056 0.051562500000000046 0.6671875 0.0906250000000001 0.6671875
3 0.13125 0.0015625000000000094 0.021875 0.0015625000000000027 0.02187500000000001 0.1265625 0.13125 0.1265625
1 0.2765625000000001 0.490625 0.2390625000000001 0.490625 0.2390625000000001 0.59375 0.2765625000000001 0.59375
4 0.34375 0.051562500000000046 0.2875 0.051562500000000046 0.2875 0.14531250000000004 0.34375 0.14531250000000004