4 0.8640625 0.1531250000000001 0.7625 0.1531250000000001 0.7625 0.20312500000000008 0.8640625 0.20312500000000008
1 0.9984375 0.001562500000000061 1.9135106236677395e-19 0.0015625 6.113666442618428e-17 0.996875 0.9984375 0.996875
4 0.340625 0.221875 0.2578125 0.221875 0.2578125 0.28125 0.340625 0.28125
4 0.3640625 0.023437500000000038 0.2890625 0.023437500000000035 0.2890625 0.08281250000000004 0.3640625 0.08281250000000004
4 0.09843750000000008 0.6234375 0.037500000000000075 0.6234375 0.037500000000000075 0.66875 0.0984375000000001 0.66875
4 0.446875 0.17812500000000003 0.3953125 0.17812500000000003 0.3953125 0.21875000000000008 0.446875 0.21875000000000008
3 0.48125000000000007 0.04062500000000004 0.234375 0.040625000000000036 0.23437500000000006 0.9796875 0.4812500000000002 0.9796875
4 0.7015625 0.1593750000000001 0.6546875 0.1593750000000001 0.6546875 0.19531250000000008 0.7015625 0.19531250000000008
4 0.653125 0.2812500000000001 0.609375 0.2812500000000001 0.609375 0.31718750000000007 0.653125 0.31718750000000007
4 0.4734375 0.09843750000000005 0.4375 0.09843750000000004 0.4375 0.12187500000000004 0.4734375 0.12187500000000004
4 0.2140625000000001 0.9265625 0.17343750000000013 0.9265625 0.17343750000000013 0.95625 0.2140625000000001 0.95625
4 0.4921875 0.21250000000000008 0.4421875 0.21250000000000008 0.4421875 0.2500000000000001 0.4921875 0.2500000000000001
4 0.03437500000000003 0.2734375 3.348643591418544e-17 0.2734375 3.587832419377011e-17 0.3125 0.03437500000000003 0.3125
3 0.2000000000000001 0.38125 0.0046875000000000475 0.38125 0.004687500000000068 0.7265625 0.2000000000000001 0.7265625
4 0.2296875000000001 0.9265625 0.16875000000000012 0.9265625 0.16875000000000012 0.996875 0.2296875000000001 0.996875
3 0.4375 0.19531250000000006 0.24375 0.19531250000000006 0.24375000000000005 0.4515625 0.4375 0.4515625
4 0.384375 0.12968750000000004 0.353125 0.12968750000000004 0.353125 0.15156250000000004 0.384375 0.15156250000000004
4 0.2609375 0.0015625000000000296 0.221875 0.001562500000000027 0.221875 0.03437500000000003 0.2609375 0.03437500000000003
1 0.646875 0.4046875 0.6359375 0.4046875 0.6359375 0.48125 0.646875 0.48125
4 0.7765625 0.4750000000000002 0.7484375 0.4750000000000002 0.7484375 0.5015625000000001 0.7765625 0.5015625000000001
4 0.17656250000000004 0.3890625 0.11406250000000004 0.3890625 0.11406250000000004 0.403125 0.17656250000000004 0.403125
3 1 0.1984375000000001 0.7359375 0.1984375000000001 0.7359375 0.5203125000000002 1 0.5203125000000002
3 0.19687500000000002 0.007812500000000012 0.0015625000000000007 0.0078125 0.001562500000000017 0.271875 0.19687500000000005 0.271875
3 0.2812500000000001 0.396875 0.13906250000000003 0.396875 0.13906250000000006 0.671875 0.2812500000000001 0.671875
4 0.3421875000000001 0.896875 0.15781250000000008 0.896875 0.1578125000000001 1 0.3421875000000001 1
1 0.0546875000000001 0.7546875 9.242256312315182e-17 0.7546875 9.873714818125537e-17 0.8578125 0.05468750000000011 0.8578125
1 0.3140625000000001 0.45625 0.26250000000000007 0.45625 0.26250000000000007 0.53125 0.3140625000000001 0.53125
4 0.4 0.18281250000000004 0.325 0.18281250000000004 0.325 0.22500000000000003 0.4 0.2250000000000001
1 0.18125 0.06875000000000002 0.1265625 0.06875000000000002 0.1265625 0.1390625 0.18125 0.1390625
1 0.12656250000000008 0.465625 0.05312500000000007 0.465625 0.05312500000000007 0.5703125 0.12656250000000008 0.5703125
1 0.2625 0.06093750000000002 0.2046875 0.06093750000000002 0.2046875 0.11718750000000004 0.2625 0.11718750000000004
4 0.3140625 0.17031250000000003 0.28125 0.17031250000000003 0.28125 0.2234375 0.3140625 0.2234375
1 0.759375 0.10312500000000009 0.746875 0.10312500000000009 0.746875 0.16562500000000008 0.759375 0.16562500000000008
1 0.17812500000000003 0.39375 0.11562500000000005 0.39375 0.11562500000000005 0.44375 0.17812500000000003 0.44375
1 0.471875 0.17031250000000003 0.45625 0.17031250000000003 0.45625 0.2375000000000001 0.471875 0.2375000000000001
1 0.8234375 0.0703125000000001 0.775 0.07031250000000008 0.775 0.12500000000000008 0.8234375 0.12500000000000008
4 0.5890625 0.2406250000000001 0.553125 0.2406250000000001 0.553125 0.2687500000000001 0.5890625 0.2687500000000001
4 0.8703125 0.08906250000000009 0.565625 0.08906250000000007 0.565625 0.32500000000000007 0.8703125 0.32500000000000007
1 0.2140625000000001 0.39375 0.16250000000000003 0.39375 0.16250000000000003 0.45625 0.2140625000000001 0.45625
1 0.04687500000000008 0.6671875 8.170690363061247e-17 0.6671875 8.73517599704323e-17 0.759375 0.04687500000000009 0.759375
4 0.621875 0.004687500000000073 0.571875 0.004687500000000069 0.571875 0.04062500000000007 0.621875 0.04062500000000008
4 0.2953125 0.13437500000000005 0.2546875 0.13437500000000005 0.2546875 0.2 0.2953125 0.2
4 0.7125 0.2453125000000001 0.6890625 0.2453125000000001 0.6890625 0.2687500000000001 0.7125 0.2687500000000001
4 0.925 0.05625000000000011 0.890625 0.05625000000000011 0.890625 0.09062500000000011 0.925 0.09062500000000011
4 0.809375 0.1609375000000001 0.7640625 0.1609375000000001 0.7640625 0.19531250000000008 0.809375 0.19531250000000008
4 0.5546875 0.35625000000000007 0.5296875 0.35625000000000007 0.5296875 0.38750000000000007 0.5546875 0.38750000000000007
1 0.07187500000000002 0.2015625 0.03750000000000002 0.2015625 0.037500000000000026 0.2328125 0.07187500000000002 0.2328125
4 0.7046875 0.3671875000000001 0.68125 0.3671875000000001 0.68125 0.3890625000000001 0.7046875 0.3890625000000001
4 0.2984375 0.06718750000000004 0.2453125 0.06718750000000002 0.2453125 0.15000000000000005 0.2984375 0.15000000000000005