4 0.7484375 0.18125000000000008 0.2578125 0.18125000000000005 0.25781250000000006 0.4703125000000001 0.7484375 0.4703125000000002
1 0.996875 6.113666442618428e-17 0.0015625 1.9135106236677395e-19 0.001562500000000061 0.996875 0.996875 0.996875
4 0.3343750000000001 0.4359375 0.22656250000000008 0.4359375 0.22656250000000008 1 0.3343750000000001 1
3 0.4296875000000001 0.029687500000000044 0.284375 0.029687500000000033 0.28437500000000004 1 0.42968750000000017 1
4 0.4984375 0.259375 0.321875 0.259375 0.321875 0.41875 0.4984375 0.41875
4 0.2578125000000001 0.5203125 0.17500000000000004 0.5203125 0.1750000000000001 0.9984375 0.2578125000000001 0.9984375
4 0.321875 3.4347515694835924e-17 0.2390625 2.9276712542116413e-17 0.23906250000000004 0.5265625 0.3218750000000001 0.5265625
4 0.4859375 5.2334515557312676e-17 0.36875 4.5158850718558645e-17 0.36875 0.2453125000000001 0.4859375 0.2453125000000001
1 0.20312500000000006 2.257942535927933e-17 0.165625 2.0283212610878037e-17 0.16562500000000008 0.921875 0.20312500000000008 0.921875
4 0.13437500000000008 0.010937500000000011 0.0484375 0.010937500000000006 0.048437500000000064 0.990625 0.13437500000000013 0.990625
4 0.07968750000000005 0.015625000000000007 0.0031250000000000015 0.015625 0.0031250000000000618 0.99375 0.0796875000000001 0.99375
4 0.8375 9.749336627587133e-17 0.7546875 9.242256312315182e-17 0.7546875 0.5031250000000002 0.8375 0.5031250000000002
4 0.6109375 0.0015625000000000686 0.5078125 0.0015625000000000625 0.5078125 0.2609375000000001 0.6109375 0.2609375000000001
4 0.328125 0.17343750000000005 0.25 0.17343750000000005 0.25 0.275 0.328125 0.275
4 0.9953125 1.172982012308324e-16 0.9203125 1.1270577573402985e-16 0.9203125 0.3843750000000001 0.9953125 0.3843750000000001
4 0.415625 0.06875000000000005 0.3171875 0.06875000000000005 0.3171875 0.17812500000000003 0.415625 0.17812500000000003
4 0.76875 8.840419081344957e-17 0.675 8.266365894244634e-17 0.675 0.21875000000000008 0.76875 0.21875000000000008
4 0.7265625 0.014062500000000084 0.625 0.014062500000000078 0.625 0.2890625000000001 0.7265625 0.2890625000000001
4 0.25 2.602374448188126e-17 0.175 2.143131898507868e-17 0.17500000000000002 0.25625 0.25 0.25625
4 0.196875 0.029687500000000016 0.0515625 0.029687500000000012 0.05156250000000001 0.12656250000000002 0.196875 0.12656250000000005
1 0.07500000000000005 0.353125 0.009375000000000045 0.353125 0.009375000000000052 0.46875 0.07500000000000007 0.46875
1 0.1296875 0.07187500000000001 0.0671875 0.071875 0.06718750000000001 0.203125 0.12968750000000004 0.203125
1 0.07343750000000003 0.171875 0.007812500000000023 0.171875 0.00781250000000003 0.29375 0.07343750000000004 0.29375
4 1 0.026562500000000117 0.896875 0.02656250000000011 0.896875 0.1406250000000001 1 0.14062500000000014
1 0.06718750000000001 0.03906250000000001 0.003125000000000004 0.0390625 0.003125000000000013 0.1765625 0.06718750000000002 0.1765625
1 0.24843750000000003 0.26875 0.18750000000000006 0.26875 0.18750000000000006 0.3953125 0.2484375000000001 0.3953125
4 0.9421875 0.11562500000000012 0.8765625 0.11562500000000009 0.8765625 0.2218750000000001 0.9421875 0.2218750000000001
4 0.378125 0.00937500000000004 0.2671875 0.009375000000000033 0.2671875 0.27656250000000004 0.378125 0.2765625000000001
4 0.7703125 0.0015625000000000905 0.7109375 0.0015625000000000868 0.7109375 0.05625000000000009 0.7703125 0.05625000000000009
1 0.18906250000000002 0.17812500000000003 0.13125 0.178125 0.13125000000000003 0.30625 0.18906250000000005 0.30625
4 0.3687500000000001 0.38906250000000003 0.3031250000000001 0.3890625 0.3031250000000001 0.5046875 0.3687500000000001 0.5046875
4 0.21718750000000003 0.284375 0.014062500000000033 0.284375 0.014062500000000061 0.74375 0.2171875000000001 0.74375
4 0.2046875 0.02812500000000002 0.15625 0.02812500000000002 0.15625 0.06718750000000002 0.2046875 0.06718750000000002
4 0.4953125 0.4953125 0.3437500000000001 0.4953125 0.3437500000000001 0.7125 0.4953125 0.7125
1 0.825 0.0781250000000001 0.7671875 0.07812500000000008 0.7671875 0.1703125000000001 0.825 0.1703125000000001
1 0.07343750000000004 0.290625 0.009375000000000036 0.290625 0.009375000000000041 0.3890625 0.07343750000000004 0.3890625