4 0.7296875 0.5453125000000001 0.2562500000000001 0.5453125 0.2562500000000001 0.8171875 0.7296875000000002 0.8171875
1 0.996875 6.113666442618428e-17 0.0015625 1.9135106236677395e-19 0.001562500000000061 0.996875 0.996875 0.996875
4 0.546875 0.010937500000000058 0.4015625 0.01093750000000005 0.4015625 0.54375 0.546875 0.54375
4 0.4046875 4.267128690779059e-17 0.2921875 3.5782648662586727e-17 0.29218750000000004 0.6484375 0.4046875 0.6484375
4 0.32343750000000004 3.3964813570102376e-17 0.23125 2.8319957230282545e-17 0.23125000000000004 0.628125 0.3234375000000001 0.628125
3 0.4625000000000001 0.01562500000000005 0.3328125 0.015625000000000038 0.33281250000000007 0.9953125 0.4625000000000002 0.9953125
1 0.19843750000000007 0.06562500000000002 0.165625 0.06562500000000002 0.16562500000000008 1 0.19843750000000013 1
3 0.13593750000000007 0.010937500000000013 0.0578125 0.010937500000000008 0.05781250000000006 0.9875 0.13593750000000013 0.9875
1 0.08281250000000005 0.039062500000000014 0.046875 0.039062500000000014 0.04687500000000006 0.990625 0.08281250000000011 0.990625
4 0.27031250000000007 2.7267526387265288e-17 0.175 2.143131898507868e-17 0.17500000000000004 0.559375 0.27031250000000007 0.559375
3 0.3031250000000001 0.753125 0.012500000000000094 0.753125 0.012500000000000108 1 0.3031250000000001 1
4 0.6703125 7.692312707144312e-17 0.5859375 7.175664838754022e-17 0.5859375 0.4421875 0.6703125 0.4421875
4 0.1906250000000001 0.56875 0.09531250000000006 0.56875 0.09531250000000008 0.7640625 0.1906250000000001 0.7640625
4 0.20312500000000006 0.284375 0.032812500000000036 0.284375 0.03281250000000004 0.4234375 0.20312500000000008 0.4234375
4 0.07656250000000006 0.2984375 0.0015625000000000367 0.2984375 0.001562500000000054 0.5828125 0.07656250000000006 0.5828125
4 0.996875 0.009375000000000116 0.9171875 0.00937500000000011 0.9171875 0.44062500000000016 0.996875 0.44062500000000016
4 0.08750000000000005 0.2796875 0.006250000000000033 0.2796875 0.00625000000000004 0.378125 0.08750000000000005 0.378125
4 0.1953125 1.578646264525885e-17 0.0625 7.654042494670958e-18 0.06250000000000001 0.12812500000000002 0.1953125 0.12812500000000004
1 0.0750000000000001 0.7046875 0.004687500000000086 0.7046875 0.004687500000000093 0.8203125 0.07500000000000011 0.8203125
1 0.30625 0.11250000000000004 0.2421875 0.11250000000000004 0.2421875 0.2328125 0.30625 0.2328125
1 0.30625 0.04375000000000003 0.240625 0.04375000000000003 0.240625 0.13125000000000003 0.30625 0.13125000000000003
1 0.06562500000000011 0.8203125 0.0031250000000001 0.8203125 0.003125000000000108 0.9515625 0.06562500000000011 0.9515625
1 0.825 0.3312500000000001 0.7453125 0.3312500000000001 0.7453125 0.4750000000000002 0.825 0.4750000000000002
4 0.9953125 0.3187500000000001 0.81875 0.3187500000000001 0.81875 0.4390625000000002 0.9953125 0.4390625000000002
1 0.2484375 0.14062500000000006 0.1859375 0.14062500000000006 0.18593750000000003 0.253125 0.2484375 0.253125
1 0.07343750000000007 0.6046875 0.006250000000000075 0.6046875 0.006250000000000082 0.734375 0.07343750000000009 0.734375
1 0.3671875 0.19062500000000004 0.3 0.19062500000000004 0.3 0.32812500000000006 0.3671875 0.3281250000000001
1 0.7640625 0.3578125000000001 0.7 0.3578125000000001 0.7 0.42656250000000007 0.7640625 0.4265625000000002
1 0.765625 0.06250000000000008 0.7 0.06250000000000008 0.7 0.1359375000000001 0.765625 0.1359375000000001
1 0.490625 0.12656250000000005 0.4234375 0.12656250000000005 0.4234375 0.2156250000000001 0.490625 0.2156250000000001
1 0.9328125 0.02656250000000011 0.865625 0.02656250000000011 0.865625 0.21250000000000008 0.9328125 0.21250000000000008
1 0.8734375 0.2562500000000001 0.8109375 0.2562500000000001 0.8109375 0.3859375000000001 0.8734375 0.3859375000000001
1 0.3625 0.014062500000000042 0.3 0.014062500000000039 0.3 0.13750000000000004 0.3625 0.13750000000000004
1 0.13906250000000003 0.1171875 0.07031250000000003 0.1171875 0.07031250000000003 0.340625 0.13906250000000003 0.340625
1 0.19531250000000006 0.409375 0.12812500000000004 0.409375 0.12812500000000007 0.571875 0.19531250000000008 0.571875
1 0.4203125 0.12812500000000004 0.359375 0.12812500000000004 0.359375 0.24062500000000003 0.4203125 0.2406250000000001
4 0.71875 0.1828125000000001 0.640625 0.1828125000000001 0.640625 0.4203125 0.71875 0.4203125
1 0.6484375 0.05781250000000008 0.5890625 0.057812500000000065 0.5890625 0.1296875000000001 0.6484375 0.1296875000000001
1 0.8828125 0.06093750000000011 0.81875 0.06093750000000011 0.81875 0.22656250000000008 0.8828125 0.22656250000000008
1 0.54375 0.032812500000000064 0.4703125 0.03281250000000006 0.4703125 0.13906250000000003 0.54375 0.13906250000000003
4 0.9984375 0.021875000000000117 0.90625 0.02187500000000011 0.90625 0.1406250000000001 0.9984375 0.14062500000000014
1 0.2515625 0.006250000000000026 0.1875 0.006250000000000022 0.1875 0.14375000000000004 0.2515625 0.14375000000000004
1 0.5953125 0.14375000000000007 0.53125 0.14375000000000004 0.53125 0.22031250000000008 0.5953125 0.22031250000000008
4 0.621875 0.2078125000000001 0.475 0.2078125000000001 0.475 0.3609375000000001 0.621875 0.3609375000000001
1 0.06562500000000002 4.3053989032524145e-18 0.0046875 5.740531871003218e-19 0.004687500000000011 0.1828125 0.06562500000000002 0.1828125
1 0.48125 0.2140625000000001 0.41875 0.2140625000000001 0.41875 0.32500000000000007 0.48125 0.32500000000000007
1 0.81875 0.1515625000000001 0.7625 0.1515625000000001 0.7625 0.22031250000000008 0.81875 0.22031250000000008
1 0.540625 0.12343750000000005 0.4796875 0.12343750000000005 0.4796875 0.22812500000000008 0.540625 0.22812500000000008