4 0.8625 0.37187500000000007 0.5328125 0.37187500000000007 0.5328125000000001 0.7515625000000001 0.8625 0.7515625000000001
4 0.715625 8.122852597469554e-17 0.6109375 7.481826538540861e-17 0.6109375 0.05625000000000008 0.715625 0.05625000000000009
1 0.5890625 0.03593750000000007 0.5703125 0.03593750000000007 0.5703125 0.1390625000000001 0.5890625 0.1390625000000001
1 0.565625 0.012500000000000034 0.009375000000000003 0.0125 0.009375000000000024 0.36562500000000003 0.565625 0.3656250000000001
4 0.8625 0.003125000000000088 0.5765625 0.003125000000000071 0.5765625 0.1546875000000001 0.8625 0.1546875000000001
3 0.61875 0.02031250000000006 0.2953125 0.02031250000000004 0.29531250000000003 0.70625 0.61875 0.70625
1 0.2640625 0.034375000000000024 0.1015625 0.03437500000000001 0.1015625 0.13906250000000003 0.2640625 0.13906250000000003
1 0.10625 0.05312500000000001 0.08125 0.053125 0.08125000000000002 0.1203125 0.10625 0.1203125
3 0.9171875 0.2734375000000001 0.440625 0.2734375000000001 0.440625 0.5171875000000001 0.9171875 0.5171875000000001
1 0.2640625 0.010937500000000032 0.25 0.01093750000000003 0.25 0.08593750000000003 0.2640625 0.08593750000000003
1 1 0.2531250000000001 0.8125 0.2531250000000001 0.8125 0.35625000000000007 1 0.35625000000000007
1 0.19531250000000003 0.12343750000000002 0.010937500000000013 0.1234375 0.010937500000000022 0.2515625 0.19531250000000006 0.2515625
3 1 0.1187500000000001 0.7859375 0.11875000000000009 0.7859375 0.6265625000000001 1 0.6265625000000001
4 0.2531250000000001 0.3953125 0.0031250000000000487 0.3953125 0.0031250000000000687 0.7203125 0.2531250000000001 0.7203125
1 0.834375 0.2468750000000001 0.54375 0.2468750000000001 0.54375 0.3500000000000001 0.834375 0.3500000000000001
1 1 0.15468750000000012 0.7890625 0.1546875000000001 0.7890625 0.2656250000000001 1 0.2656250000000001
1 0.865625 0.0015625000000001048 0.846875 0.0015625000000001033 0.846875 0.04375000000000011 0.865625 0.04375000000000011
1 0.3812500000000001 0.83125 0.1515625000000001 0.83125 0.1515625000000001 0.975 0.3812500000000001 0.975