4 0.6843750000000001 0.31718750000000007 0.3390625 0.3171875 0.33906250000000004 0.846875 0.6843750000000002 0.846875
1 0.996875 0.001562500000000061 0.0015625 0.0015625 0.001562500000000061 0.9953125 0.996875 0.9953125
3 0.4281250000000001 0.5546875 6.792962714020475e-17 0.5546875 9.280526524788535e-17 0.9609375 0.4281250000000002 0.9609375
1 0.6765625 0.11875000000000009 0.6453125 0.11875000000000009 0.6453125 0.3218750000000001 0.6765625 0.3218750000000001
1 0.17187500000000003 0.07656250000000002 0.140625 0.07656250000000002 0.14062500000000003 0.3 0.17187500000000006 0.3
3 0.45 0.004687500000000028 5.740531871003218e-19 0.0046875 2.066591473561159e-17 0.33281250000000007 0.45 0.33281250000000007
1 0.9546875 0.2968750000000001 0.6546875 0.2968750000000001 0.6546875 0.3359375000000001 0.9546875 0.3359375000000001
1 0.90625 0.1625000000000001 0.7265625 0.1625000000000001 0.7265625 0.2015625000000001 0.90625 0.2015625000000001
1 0.6125 0.014062500000000056 0.259375 0.014062500000000033 0.259375 0.08437500000000005 0.6125 0.08437500000000006
1 0.9 0.025000000000000095 0.6546875 0.025000000000000078 0.6546875 0.0843750000000001 0.9 0.08437500000000012
1 0.3859375000000001 0.46875 0.3203125000000001 0.46875 0.3203125000000001 0.5375 0.3859375000000001 0.5375
1 0.17812500000000003 0.2703125 3.3103733789451887e-17 0.2703125 3.702643056797075e-17 0.334375 0.17812500000000003 0.334375
1 0.3671875000000001 0.509375 6.23804463315683e-17 0.509375 6.620746757890379e-17 0.571875 0.3671875000000001 0.571875
1 0.3171875 0.10937500000000004 0.196875 0.10937500000000004 0.196875 0.15781250000000005 0.3171875 0.15781250000000005
1 0.65625 0.05000000000000006 0.1875 0.050000000000000024 0.1875 0.13125000000000006 0.65625 0.1312500000000001
4 0.2000000000000001 0.76875 9.414472268445279e-17 0.76875 1.0495605770817549e-16 0.9453125 0.2000000000000001 0.9453125
4 0.13437500000000008 0.4578125 0.037500000000000054 0.4578125 0.03750000000000006 0.5703125 0.13437500000000008 0.5703125
1 1 0.10000000000000012 0.890625 0.10000000000000009 0.890625 0.2250000000000001 1 0.2250000000000001
1 0.428125 0.55 6.735557395310443e-17 0.55 7.252205263700732e-17 0.634375 0.428125 0.634375
4 0.5015625 0.3375000000000001 0.3703125 0.3375000000000001 0.37031250000000004 0.5234375 0.5015625 0.5234375
4 0.9453125 0.10468750000000011 0.840625 0.10468750000000009 0.840625 0.19375000000000012 0.9453125 0.19375000000000014
3 0.2453125000000001 0.565625 6.926908457677216e-17 0.565625 8.180257916179587e-17 0.7703125 0.2453125000000001 0.7703125