4 0.84375 0.33593750000000006 0.3203125 0.3359375 0.32031250000000006 0.6828125 0.84375 0.6828125000000002
1 0.996875 6.113666442618428e-17 0.0015625 1.9135106236677395e-19 0.001562500000000061 0.996875 0.996875 0.996875
4 1 0.023437500000000118 0.96875 0.023437500000000118 0.96875 0.02656250000000012 1 0.02656250000000012
1 0.34687500000000004 0.04375000000000004 0.290625 0.04375000000000003 0.290625 0.40625 0.3468750000000001 0.40625
1 0.5234375 0.35937500000000006 0.3515625 0.359375 0.35156250000000006 0.39687500000000003 0.5234375 0.3968750000000001
1 0.971875 1.1624577038781518e-16 0.9265625 1.1347117998349694e-16 0.9265625 0.46406250000000016 0.971875 0.46406250000000016
1 0.35625000000000007 0.00937500000000004 0.2703125 0.009375000000000033 0.27031250000000007 0.9796875 0.35625000000000007 0.9796875
1 0.24375 0.14375000000000002 0.1015625 0.14375 0.1015625 0.17187500000000003 0.24375 0.17187500000000006
1 0.2015625000000001 0.703125 0.1546875000000001 0.703125 0.15468750000000012 0.946875 0.2015625000000001 0.946875
1 0.10937500000000004 7.749718025854348e-18 0.0171875 2.1048616860345133e-18 0.017187500000000043 0.6703125 0.10937500000000008 0.6703125
1 0.5828125 6.630314311008718e-17 0.5 6.123233995736766e-17 0.5 0.38750000000000007 0.5828125 0.38750000000000007
1 0.353125 0.0015625000000000378 0.2671875 0.0015625000000000326 0.2671875 0.19531250000000006 0.353125 0.19531250000000006
1 0.45625 0.646875 0.12656250000000008 0.646875 0.12656250000000008 0.678125 0.45625 0.678125
1 0.0921875 7.079989307570636e-18 0.0234375 2.8702659355016093e-18 0.023437500000000014 0.2171875 0.09218750000000002 0.2171875
1 0.11562500000000012 0.6359375 0.04375000000000008 0.6359375 0.0437500000000001 1 0.11562500000000013 1
4 0.71875 0.3421875000000001 0.53125 0.3421875000000001 0.53125 0.5125 0.71875 0.5125
1 0.6515625 7.357448348002457e-17 0.55 6.735557395310443e-17 0.55 0.421875 0.6515625 0.421875
1 0.2484375 0.29375 0.18437500000000004 0.29375 0.18437500000000004 0.359375 0.2484375 0.359375
1 0.1625000000000001 0.65625 0.10781250000000009 0.65625 0.10781250000000009 0.6828125 0.1625000000000001 0.6828125
3 0.3453125000000001 0.6640625 0.14843750000000008 0.6640625 0.1484375000000001 0.98125 0.3453125000000001 0.98125
1 0.4218750000000001 0.5109375 0.3234375000000001 0.5109375 0.3234375000000001 0.7984375 0.42187500000000017 0.7984375
4 0.1953125000000001 0.875 0.014062500000000106 0.875 0.014062500000000113 0.990625 0.19531250000000014 0.990625
4 0.53125 0.13281250000000006 0.3328125 0.13281250000000006 0.3328125 0.28750000000000003 0.53125 0.2875000000000001
4 0.515625 0.4671875 0.3265625000000001 0.4671875 0.3265625000000001 0.5890625 0.515625 0.5890625
1 0.08437500000000012 0.9 0.0015625000000001102 0.9 0.0015625000000001163 0.996875 0.08437500000000012 0.996875
4 0.95 0.12968750000000012 0.7921875 0.1296875000000001 0.7921875 0.3281250000000001 0.95 0.3281250000000001
1 0.3234375000000001 0.4921875 0.10625000000000004 0.4921875 0.10625000000000007 0.6625 0.3234375000000001 0.6625
4 0.575 0.03750000000000006 0.4890625 0.037500000000000054 0.4890625 0.12656250000000008 0.575 0.12656250000000008
4 0.7796875 0.1703125000000001 0.578125 0.1703125000000001 0.578125 0.3546875000000001 0.7796875 0.3546875000000001
4 0.9953125 0.0015625000000001113 0.8203125 0.0015625000000001007 0.8203125 0.12968750000000012 0.9953125 0.12968750000000012
1 0.5296875 0.37031250000000004 0.3359375000000001 0.3703125 0.3359375000000001 0.4859375 0.5296875 0.4859375
1 0.540625 0.3390625000000001 0.45 0.3390625000000001 0.45 0.4125 0.540625 0.4125