1 0.996875 6.113666442618428e-17 0.0015625 1.9135106236677395e-19 0.001562500000000061 0.996875 0.996875 0.996875
1 0.9078125 0.10468750000000011 0.79375 0.10468750000000009 0.79375 0.2015625000000001 0.9078125 0.2015625000000001
4 0.871875 0.2468750000000001 0.69375 0.2468750000000001 0.69375 0.41093750000000007 0.871875 0.4109375000000002
1 0.95625 0.1890625000000001 0.803125 0.18906250000000008 0.803125 0.3296875000000001 0.95625 0.3296875000000001
1 0.975 0.3109375000000001 0.88125 0.3109375000000001 0.88125 0.4203125000000002 0.975 0.4203125000000002
4 0.765625 0.3078125000000001 0.703125 0.3078125000000001 0.703125 0.3890625000000001 0.765625 0.3890625000000001
1 0.73125 0.12656250000000008 0.5734375 0.12656250000000008 0.5734375 0.25468750000000007 0.73125 0.25468750000000007
1 0.8296875 0.16562500000000008 0.7234375 0.16562500000000008 0.7234375 0.2593750000000001 0.8296875 0.2593750000000001
4 0.6390625 0.403125 0.5609375 0.403125 0.5609375 0.5 0.6390625 0.5
1 0.6359375 0.3125000000000001 0.5765625 0.3125000000000001 0.5765625 0.3937500000000001 0.6359375 0.3937500000000001
4 0.846875 0.2468750000000001 0.771875 0.2468750000000001 0.771875 0.3156250000000001 0.846875 0.3156250000000001
1 0.1468750000000001 0.6203125 0.05312500000000007 0.6203125 0.053125000000000075 0.7203125 0.1468750000000001 0.7203125
1 0.2125 0.09843750000000002 0.11875 0.09843750000000002 0.11875 0.17343750000000002 0.2125 0.17343750000000005
1 0.13593750000000007 0.528125 0.057812500000000065 0.528125 0.057812500000000065 0.6046875 0.1359375000000001 0.6046875
1 0.2203125 0.14843750000000003 0.09843750000000002 0.1484375 0.09843750000000004 0.278125 0.2203125 0.278125
4 0.8109375 0.44062500000000016 0.7578125 0.44062500000000016 0.7578125 0.5015625000000001 0.8109375 0.5015625000000001
3 0.4734375 0.14531250000000004 0.2265625 0.14531250000000004 0.22656250000000006 0.41875 0.4734375 0.41875
1 0.7703125 0.39531250000000007 0.715625 0.39531250000000007 0.715625 0.4703125000000001 0.7703125 0.4703125000000002
1 0.22031250000000005 0.284375 0.11718750000000004 0.284375 0.11718750000000004 0.4265625 0.22031250000000008 0.4265625
3 0.2640625000000001 0.69375 0.0015625000000000847 0.69375 0.001562500000000103 0.990625 0.2640625000000001 0.990625
1 0.2125 0.03906250000000002 0.1578125 0.03906250000000002 0.1578125 0.10156250000000003 0.2125 0.10156250000000004
1 0.4 0.4140625 0.2875000000000001 0.4140625 0.2875000000000001 0.578125 0.4 0.578125
1 0.8 0.0015625000000000912 0.690625 0.0015625000000000847 0.690625 0.07187500000000009 0.8 0.07187500000000009
1 0.2250000000000001 0.5109375 0.13125000000000003 0.5109375 0.13125000000000006 0.6453125 0.2250000000000001 0.6453125
1 0.321875 0.20625 0.2328125 0.20625 0.2328125 0.2984375 0.321875 0.2984375
1 0.66875 0.1937500000000001 0.56875 0.1937500000000001 0.56875 0.3156250000000001 0.66875 0.3156250000000001
1 0.7953125 0.07500000000000008 0.584375 0.07500000000000007 0.584375 0.18125000000000008 0.7953125 0.18125000000000008
1 0.48125 0.05625000000000006 0.4125 0.05625000000000004 0.4125 0.14531250000000004 0.48125 0.14531250000000004
4 0.4921875 0.3609375 0.26875 0.3609375 0.26875000000000004 0.690625 0.4921875 0.690625
1 0.634375 7.309610582410764e-17 0.559375 6.850368032730508e-17 0.559375 0.06562500000000007 0.634375 0.06562500000000007
1 0.575 0.05156250000000007 0.49375 0.05156250000000007 0.49375 0.10000000000000006 0.575 0.10000000000000009
1 0.5703125 0.08593750000000007 0.490625 0.08593750000000007 0.490625 0.18125000000000008 0.5703125 0.18125000000000008
1 1 0.13750000000000012 0.9171875 0.13750000000000012 0.9171875 0.21875000000000008 1 0.21875000000000008
1 0.33125000000000004 0.215625 0.2046875 0.215625 0.20468750000000005 0.4078125 0.3312500000000001 0.4078125
1 0.8046875 0.05156250000000009 0.6765625 0.05156250000000009 0.6765625 0.10468750000000009 0.8046875 0.10468750000000009
1 0.10468750000000004 0.225 0.003125000000000028 0.225 0.0031250000000000375 0.3796875 0.10468750000000004 0.3796875
1 0.05468750000000004 0.3515625 0.003125000000000043 0.3515625 0.0031250000000000466 0.4125 0.05468750000000004 0.4125
1 0.5546875 0.003125000000000064 0.490625 0.0031250000000000596 0.490625 0.05937500000000007 0.5546875 0.05937500000000007
4 0.3312500000000001 0.80625 0.3078125000000001 0.80625 0.3078125000000001 0.8328125 0.3312500000000001 0.8328125
4 0.2718750000000001 0.5046875 0.2078125000000001 0.5046875 0.2078125000000001 0.6375 0.2718750000000001 0.6375
1 0.171875 0.006250000000000018 0.1234375 0.006250000000000014 0.1234375 0.048437500000000015 0.171875 0.04843750000000002