1 0.996875 0.001562500000000061 0.0015625 0.0015625 0.001562500000000061 0.9953125 0.996875 0.9953125
4 0.94375 0.0031250000000001095 0.853125 0.0031250000000001043 0.853125 0.14531250000000012 0.94375 0.14531250000000012
4 0.4390625000000001 0.6484375 0.2171875000000001 0.6484375 0.2171875000000001 0.890625 0.4390625000000002 0.890625
4 0.471875 0.33281250000000007 0.3640625 0.33281250000000007 0.36406250000000007 0.478125 0.471875 0.478125
4 0.2062500000000001 0.6078125 0.004687500000000075 0.6078125 0.00468750000000009 0.859375 0.2062500000000001 0.859375
3 0.31250000000000006 0.006250000000000019 0.0046875000000000016 0.00625 0.0046875000000000345 0.55625 0.3125000000000001 0.55625
4 0.8171875 0.3468750000000001 0.6859375 0.3468750000000001 0.6859375 0.42656250000000007 0.8171875 0.4265625000000002
1 0.1140625 0.001562500000000007 1.9135106236677395e-19 0.0015625 7.845393557037732e-18 0.1265625 0.1140625 0.1265625
4 1 0.05156250000000012 0.86875 0.05156250000000011 0.86875 0.5468750000000002 1 0.5468750000000002
1 0.5453125 0.12656250000000008 0.4484375 0.12656250000000005 0.4484375 0.3218750000000001 0.5453125 0.3218750000000001
1 0.8796875 0.12031250000000009 0.7984375 0.12031250000000009 0.7984375 0.1843750000000001 0.8796875 0.1843750000000001
1 0.10000000000000005 0.3875 0.006250000000000047 0.3875 0.006250000000000052 0.4765625 0.10000000000000005 0.4765625
1 0.8828125 0.1296875000000001 0.7984375 0.1296875000000001 0.7984375 0.3312500000000001 0.8828125 0.3312500000000001
1 0.875 0.0578125000000001 0.790625 0.057812500000000086 0.790625 0.1296875000000001 0.875 0.1296875000000001
1 0.09687500000000003 0.2265625 0.014062500000000028 0.2265625 0.01406250000000003 0.29375 0.09687500000000004 0.29375
1 0.715625 0.11875000000000009 0.6375 0.11875000000000009 0.6375 0.2062500000000001 0.715625 0.2062500000000001
1 0.803125 0.12031250000000009 0.728125 0.12031250000000009 0.728125 0.2171875000000001 0.803125 0.2171875000000001
1 0.2765625 0.12656250000000002 0.18125 0.1265625 0.18125000000000002 0.2375 0.2765625 0.2375
1 0.959375 0.1593750000000001 0.88125 0.1593750000000001 0.88125 0.2609375000000001 0.959375 0.2609375000000001
1 0.359375 0.0031250000000000383 0.2625 0.003125000000000032 0.2625 0.12812500000000004 0.359375 0.12812500000000004