1 0.996875 6.113666442618428e-17 0.0015625 1.9135106236677395e-19 0.001562500000000061 0.996875 0.996875 0.996875
4 0.721875 0.1312500000000001 0.590625 0.1312500000000001 0.590625 0.3187500000000001 0.721875 0.3187500000000001
4 0.559375 0.13593750000000007 0.4359375 0.13593750000000004 0.4359375 0.3187500000000001 0.559375 0.3187500000000001
4 0.434375 0.11250000000000002 0.007812500000000014 0.1125 0.00781250000000004 0.5359375 0.434375 0.5359375
4 0.1921875 0.1453125 0.006250000000000017 0.1453125 0.006250000000000032 0.3859375 0.19218750000000004 0.3859375
4 0.8796875 0.22031250000000008 0.796875 0.22031250000000008 0.796875 0.3578125000000001 0.8796875 0.3578125000000001
3 0.48125000000000007 0.45 0.2750000000000001 0.45 0.2750000000000001 0.884375 0.4812500000000002 0.884375
1 0.2546875 0.08750000000000002 0.1640625 0.08750000000000002 0.16406250000000003 0.2453125 0.2546875 0.2453125
1 1 0.13125000000000014 0.9078125 0.13125000000000014 0.9078125 0.3109375000000001 1 0.3109375000000001
1 0.628125 7.146962179399006e-17 0.5390625 6.6016116516537e-17 0.5390625 0.09375000000000007 0.628125 0.09375000000000007
1 0.7234375 0.09687500000000009 0.6375 0.09687500000000009 0.6375 0.20468750000000008 0.7234375 0.20468750000000008
4 0.9453125 0.1562500000000001 0.890625 0.15625000000000008 0.890625 0.25468750000000007 0.9453125 0.25468750000000007
1 0.9921875 1.1643712145018196e-16 0.909375 1.1136631829746244e-16 0.909375 0.12500000000000014 0.9921875 0.12500000000000014
1 0.8203125 9.481445140273649e-17 0.728125 8.916959506291665e-17 0.728125 0.1218750000000001 0.8203125 0.1218750000000001
1 0.07812500000000003 0.0859375 0.0015625000000000105 0.0859375 0.001562500000000024 0.3046875 0.07812500000000004 0.3046875
1 0.11406250000000011 0.8734375 0.003125000000000107 0.8734375 0.0031250000000001147 0.996875 0.11406250000000014 0.996875
1 0.91875 1.0648686620710968e-16 0.8203125 1.0045930774255631e-16 0.8203125 0.10937500000000011 0.91875 0.10937500000000014
1 0.09375000000000007 0.534375 0.006250000000000066 0.534375 0.006250000000000071 0.6203125 0.09375000000000007 0.6203125
1 0.4421875 0.08750000000000005 0.34375 0.08750000000000005 0.34375 0.26406250000000003 0.4421875 0.2640625000000001
4 0.2062500000000001 0.4015625 0.026562500000000044 0.4015625 0.026562500000000055 0.50625 0.2062500000000001 0.50625
1 0.446875 0.0015625000000000452 0.2890625 0.0015625000000000354 0.2890625 0.08125000000000004 0.446875 0.08125000000000004
4 0.19375000000000006 0.4734375 0.07343750000000007 0.4734375 0.07343750000000009 0.8703125 0.1937500000000001 0.8703125
1 0.534375 0.09218750000000006 0.4453125 0.09218750000000005 0.4453125 0.2015625000000001 0.534375 0.2015625000000001
1 0.6359375 0.09687500000000007 0.5390625 0.09687500000000007 0.5390625 0.3109375000000001 0.6359375 0.3109375000000001
1 0.903125 0.10468750000000009 0.8203125 0.10468750000000009 0.8203125 0.1906250000000001 0.903125 0.1906250000000001
1 0.721875 0.0015625000000000825 0.6296875 0.001562500000000077 0.6296875 0.10156250000000008 0.721875 0.10156250000000008
1 0.8234375 0.1312500000000001 0.7203125 0.1312500000000001 0.7203125 0.3140625000000001 0.8234375 0.3140625000000001
3 0.10312500000000009 0.6015625 0.0031250000000000735 0.6015625 0.0031250000000000904 0.86875 0.10312500000000009 0.86875
1 0.528125 5.922315380251653e-17 0.4390625 5.376964852506348e-17 0.4390625 0.09531250000000005 0.528125 0.09531250000000006