1 0.9953125 0.001562500000000061 0.0015625 0.0015625 0.001562500000000061 0.996875 0.9953125 0.996875
4 0.5390625 0.321875 0.12968750000000004 0.321875 0.12968750000000007 0.678125 0.5390625 0.678125
1 0.503125 0.0062500000000000585 0.4421875 0.006250000000000056 0.4421875 0.2296875000000001 0.503125 0.2296875000000001
1 0.4859375000000001 0.01718750000000005 0.3140625 0.01718750000000004 0.3140625 0.9890625 0.4859375000000002 0.9890625
1 0.27187500000000003 0.015625000000000024 0.1328125 0.015625000000000017 0.13281250000000006 0.9859375 0.2718750000000001 0.9859375
1 0.38750000000000007 0.11875000000000005 0.325 0.11875000000000005 0.32500000000000007 0.38750000000000007 0.38750000000000007 0.38750000000000007
4 0.3421875000000001 0.646875 0.18125000000000008 0.646875 0.1812500000000001 0.9984375 0.3421875000000001 0.9984375
4 1 1.116533448910126e-16 0.8234375 1.0084200986728987e-16 0.8234375 0.39531250000000007 1 0.39531250000000007
4 0.2140625000000001 0.3796875 0.006250000000000047 0.3796875 0.0062500000000000845 0.9984375 0.2140625000000001 0.9984375
1 0.8375 7.912366428866102e-17 0.4546875 5.568315914873122e-17 0.4546875 0.22656250000000008 0.8375 0.22656250000000008
4 0.21875000000000006 0.003125000000000013 0.003125 0.003125 0.00312500000000004 0.6546875 0.21875000000000008 0.6546875
4 0.03125000000000001 0.0390625 4.783776559169349e-18 0.0390625 8.036744619404505e-18 0.0921875 0.031250000000000014 0.0921875
4 0.16718750000000002 0.084375 0.006250000000000011 0.084375 0.006250000000000018 0.203125 0.16718750000000004 0.203125