4 0.803125 0.2921875000000001 0.709375 0.2921875000000001 0.709375 0.37187500000000007 0.803125 0.37187500000000007
1 0.996875 6.123233995736766e-17 0.003125 3.827021247335479e-19 0.003125000000000059 0.9640625 0.996875 0.9640625
4 0.7796875 0.4203125000000001 0.7046875 0.4203125 0.7046875 0.4750000000000001 0.7796875 0.4750000000000002
4 0.4625 0.11562500000000005 0.4265625 0.11562500000000005 0.4265625 0.14843750000000006 0.4625 0.14843750000000006
3 0.2515625 0.009375000000000015 0.0078125 0.009375 0.007812500000000047 0.771875 0.2515625000000001 0.771875
4 0.8703125 0.14843750000000008 0.8265625 0.14843750000000008 0.8265625 0.19531250000000008 0.8703125 0.19531250000000008
1 0.4937500000000001 0.014062500000000056 0.425 0.01406250000000005 0.4250000000000001 0.8484375 0.4937500000000002 0.8484375
1 0.4156250000000001 0.014062500000000047 0.365625 0.014062500000000044 0.36562500000000003 0.8484375 0.4156250000000002 0.8484375
4 0.050000000000000114 0.9359375 0.0015625000000001146 0.9359375 0.001562500000000117 0.9734375 0.050000000000000114 0.9734375
1 0.10156250000000004 9.567553118338699e-18 0.0546875 6.6972871828370884e-18 0.05468750000000004 0.6484375 0.10156250000000008 0.6484375
4 0.26875000000000004 0.3296875 0.2171875 0.3296875 0.21718750000000003 0.38125 0.2687500000000001 0.38125
1 0.603125 7.185232391872362e-17 0.5703125 6.984313776387249e-17 0.5703125 0.39531250000000007 0.603125 0.39531250000000007
4 0.15156250000000004 0.321875 0.02187500000000004 0.321875 0.021875000000000044 0.425 0.15156250000000004 0.425
1 0.3906250000000001 0.37500000000000006 0.3218750000000001 0.375 0.3218750000000001 0.4953125 0.3906250000000001 0.4953125
1 0.4625 0.029687500000000054 0.43125 0.029687500000000054 0.43125 0.515625 0.4625 0.515625
4 0.91875 0.05468750000000011 0.88125 0.05468750000000011 0.88125 0.09843750000000011 0.91875 0.09843750000000011
3 0.590625 0.29375000000000007 0.33125 0.29375 0.33125000000000004 0.525 0.590625 0.525
1 0.15625000000000003 0.10625 0.08750000000000002 0.10625 0.08750000000000002 0.2171875 0.15625000000000006 0.2171875
1 0.4859375 0.0015625000000000517 0.3546875 0.0015625000000000437 0.3546875 0.09687500000000006 0.4859375 0.09687500000000007
1 0.3296875 0.16406250000000006 0.2578125 0.16406250000000006 0.2578125 0.278125 0.3296875 0.278125
1 0.6640625 0.15625000000000008 0.590625 0.15625000000000008 0.590625 0.2812500000000001 0.6640625 0.2812500000000001
1 0.07500000000000002 0.1296875 0.007812500000000017 0.1296875 0.007812500000000024 0.246875 0.07500000000000002 0.246875