4 0.6890625 0.2015625000000001 0.5171875 0.2015625000000001 0.5171875 0.37968750000000007 0.6890625 0.37968750000000007
4 0.9796875 1.0830470129959405e-16 0.7890625 9.663228649522084e-17 0.7890625 0.2453125000000001 0.9796875 0.2453125000000001
4 0.36875 0.20781250000000004 0.2359375 0.2078125 0.23593750000000005 0.37968750000000007 0.3687500000000001 0.37968750000000007
4 0.13593750000000002 0.1421875 0.05468750000000002 0.1421875 0.05468750000000002 0.2390625 0.13593750000000004 0.2390625
1 0.9984375 0.001562500000000061 1.9135106236677395e-19 0.0015625 6.113666442618428e-17 0.996875 0.9984375 0.996875
4 0.8640625 0.17187500000000008 0.7890625 0.17187500000000008 0.7890625 0.24218750000000008 0.8640625 0.24218750000000008
4 0.4671875 5.1569111307845585e-17 0.375 4.592425496802575e-17 0.375 0.12500000000000006 0.4671875 0.12500000000000006
1 0.159375 1.7891324331293363e-17 0.1328125 1.6264840301175783e-17 0.1328125 0.1203125 0.159375 0.1203125
1 0.15625000000000008 0.790625 0.12500000000000008 0.790625 0.12500000000000008 0.8828125 0.15625000000000008 0.8828125
4 0.690625 0.2093750000000001 0.6 0.2093750000000001 0.6 0.2796875000000001 0.690625 0.2796875000000001
3 0.625 0.3375 0.007812500000000042 0.3375 0.007812500000000047 0.4375 0.625 0.4375
1 0.3218750000000001 0.8765625 0.2906250000000001 0.8765625 0.2906250000000001 0.9734375 0.3218750000000001 0.9734375
1 0.709375 0.09531250000000006 0.3875 0.09531250000000005 0.3875 0.13281250000000006 0.709375 0.13281250000000008
1 0.46875 0.5484375 0.4421875 0.5484375 0.4421875 0.6453125 0.46875 0.6453125
1 0.6578125 0.20468750000000005 0.3515625 0.2046875 0.3515625 0.23281250000000003 0.6578125 0.2328125000000001
1 0.996875 0.33281250000000007 0.840625 0.33281250000000007 0.840625 0.4312500000000002 0.996875 0.4312500000000002