0 0.996875 0.001562500000000061 0.0015625 0.0015625 0.001562500000000061 0.996875 0.996875 0.996875
4 0.69375 0.2796875000000001 0.4703125 0.2796875000000001 0.4703125 0.484375 0.69375 0.484375
4 0.2593750000000001 0.4046875 0.11250000000000004 0.4046875 0.11250000000000004 0.50625 0.2593750000000001 0.50625
4 0.528125 0.30937500000000007 0.346875 0.309375 0.34687500000000004 0.5484375 0.528125 0.5484375
4 0.15781250000000002 0.1 0.0031250000000000123 0.1 0.0031250000000000258 0.31875 0.15781250000000005 0.31875
4 0.365625 0.003125000000000032 0.1609375 0.0031250000000000193 0.1609375 0.07968750000000004 0.365625 0.07968750000000005
4 0.37187500000000007 0.6828125 0.1437500000000001 0.6828125 0.1437500000000001 0.8546875 0.37187500000000007 0.8546875
4 0.621875 0.02500000000000007 0.5140625 0.025000000000000067 0.5140625 0.12500000000000006 0.621875 0.12500000000000008
4 0.3625000000000001 0.5375 0.2875000000000001 0.5375 0.2875000000000001 0.6375 0.3625000000000001 0.6375
4 0.7 0.2796875000000001 0.5796875 0.2796875000000001 0.5796875 0.37187500000000007 0.7 0.37187500000000007
4 0.2609375000000001 0.815625 0.12343750000000009 0.815625 0.12343750000000012 0.934375 0.2609375000000001 0.934375
4 0.959375 0.007812500000000106 0.7796875 0.007812500000000094 0.7796875 0.11250000000000011 0.959375 0.11250000000000013
4 1 0.2218750000000001 0.9453125 0.2218750000000001 0.9453125 0.3859375000000001 1 0.3859375000000001
4 0.671875 0.04218750000000007 0.5328125 0.042187500000000065 0.5328125 0.19843750000000007 0.671875 0.1984375000000001
4 0.9984375 0.15468750000000014 0.9484375 0.15468750000000014 0.9484375 0.2468750000000001 0.9984375 0.2468750000000001
4 0.15937500000000007 0.309375 0.0015625000000000383 0.309375 0.0015625000000000539 0.56875 0.1593750000000001 0.56875
4 0.3703125000000001 0.6734375 0.2765625000000001 0.6734375 0.2765625000000001 0.778125 0.3703125000000001 0.778125
4 0.53125 0.003125000000000054 0.353125 0.003125000000000043 0.353125 0.09218750000000006 0.53125 0.09218750000000006
4 0.5421875 0.015625000000000052 0.321875 0.015625000000000038 0.321875 0.32031250000000006 0.5421875 0.3203125000000001
4 0.1578125 0.02656250000000001 3.2529680602351567e-18 0.0265625 8.897824400054987e-18 0.11875 0.1578125 0.11875
4 0.2218750000000001 0.7765625 9.510147799628666e-17 0.7765625 9.950255243072244e-17 0.8484375 0.2218750000000001 0.8484375
4 0.06093750000000007 0.5421875 6.639881864127056e-17 0.5421875 6.965178670150572e-17 0.5953125 0.06093750000000007 0.5953125
4 0.40156250000000016 0.8453125 0.2468750000000001 0.8453125 0.2468750000000001 0.9859375 0.40156250000000016 0.9859375
4 0.18906250000000013 0.95 0.017187500000000116 0.95 0.01718750000000012 1 0.18906250000000013 1
4 0.940625 0.3281250000000001 0.796875 0.3281250000000001 0.796875 0.3859375000000001 0.940625 0.3859375000000001
4 0.05937500000000001 0.0515625 6.31458505810354e-18 0.0515625 9.950255243072246e-18 0.1109375 0.059375000000000025 0.1109375