1 0.99375 0.006250000000000061 0.0078125 0.00625 0.00781250000000006 0.9921875 0.99375 0.9921875
3 0.446875 0.00625000000000004 0.2078125 0.006250000000000025 0.2078125 0.31093750000000003 0.446875 0.3109375000000001
1 0.8390625 0.0031250000000001 0.790625 0.0031250000000000973 0.790625 0.3375000000000001 0.8390625 0.3375000000000001
3 0.44531250000000017 0.734375 0.007812500000000088 0.734375 0.007812500000000102 0.9625 0.44531250000000017 0.9625
3 0.2234375000000001 0.3890625 0.0015625000000000478 0.3890625 0.0015625000000000684 0.725 0.2234375000000001 0.725
1 0.9984375 0.021875000000000113 0.840625 0.021875000000000106 0.840625 0.12187500000000011 0.9984375 0.12187500000000014
1 0.315625 3.702643056797075e-17 0.2890625 3.539994653785318e-17 0.2890625 0.13281250000000006 0.315625 0.13281250000000006
1 0.13593750000000004 0.3640625 0.0031250000000000444 0.3640625 0.0031250000000000535 0.5140625 0.13593750000000004 0.5140625
1 0.109375 0.05000000000000001 6.123233995736766e-18 0.05 1.1481063742006437e-17 0.1375 0.109375 0.1375
1 0.5000000000000001 0.6046875 0.3109375000000001 0.6046875 0.3109375000000001 0.78125 0.5000000000000002 0.78125
1 0.9984375 0.12187500000000011 0.80625 0.1218750000000001 0.80625 0.30156250000000007 0.9984375 0.30156250000000007
1 0.490625 0.4375 0.2812500000000001 0.4375 0.2812500000000001 0.603125 0.490625 0.603125
4 0.1671875000000001 0.83125 0.0250000000000001 0.83125 0.025000000000000112 1 0.16718750000000013 1
1 1 0.3140625000000001 0.9125 0.3140625000000001 0.9125 0.5125000000000002 1 0.5125000000000002
1 0.9203125 0.3156250000000001 0.75 0.3156250000000001 0.75 0.4390625000000002 0.9203125 0.4390625000000002
1 0.5375 0.31875000000000003 0.31875 0.31875 0.31875000000000003 0.4390625 0.5375 0.4390625
1 0.628125 0.029687500000000068 0.425 0.029687500000000054 0.425 0.3046875000000001 0.628125 0.3046875000000001
3 0.6375 4.4584797531458325e-17 0.090625 1.1098361617272889e-17 0.09062500000000001 0.14062500000000006 0.6375 0.14062500000000008
1 0.2234375 0.14687500000000003 0.007812500000000017 0.146875 0.007812500000000031 0.3578125 0.2234375 0.3578125
1 0.634375 6.065828677026733e-17 0.35625 4.362804221962446e-17 0.35625 0.03906250000000006 0.634375 0.039062500000000076
4 0.0703125000000001 0.7328125 0.014062500000000089 0.7328125 0.014062500000000106 0.984375 0.07031250000000011 0.984375
4 0.0562500000000001 0.7375 0.006250000000000091 0.7375 0.0062500000000000975 0.840625 0.05625000000000011 0.840625
1 0.75 0.3234375000000001 0.54375 0.3234375000000001 0.54375 0.4390625000000001 0.75 0.4390625000000002
4 0.31718750000000007 0.3171875 0.16250000000000003 0.3171875 0.16250000000000006 0.6265625 0.31718750000000007 0.6265625
1 0.2015625000000001 0.434375 0.10781250000000005 0.434375 0.10781250000000005 0.521875 0.2015625000000001 0.521875