4 0.7703125 0.21093750000000008 0.5515625 0.21093750000000008 0.5515625 0.58125 0.7703125 0.5812500000000002
1 0.996875 6.113666442618428e-17 0.0015625 1.9135106236677395e-19 0.0015625000000000608 0.9921875 0.996875 0.9921875
4 0.4468750000000001 0.6125 0.3906250000000001 0.6125 0.3906250000000001 0.771875 0.4468750000000002 0.771875
1 0.11250000000000004 0.359375 0.07656250000000005 0.359375 0.07656250000000006 0.4734375 0.11250000000000004 0.4734375
1 0.5640625 0.11250000000000009 0.546875 0.11250000000000009 0.546875 0.24218750000000008 0.5640625 0.24218750000000008
1 0.2515625000000001 0.365625 0.2156250000000001 0.365625 0.2156250000000001 0.4953125 0.2515625000000001 0.4953125
4 0.765625 0.26250000000000007 0.6859375 0.26250000000000007 0.6859375 0.3906250000000001 0.765625 0.3906250000000001
3 1 0.001562500000000062 0.0171875 0.001562500000000002 0.01718750000000001 0.13281250000000006 1 0.13281250000000014
4 0.6875 0.2750000000000001 0.565625 0.2750000000000001 0.565625 0.409375 0.6875 0.409375
1 0.19218750000000004 0.2234375 0.15625000000000006 0.2234375 0.15625000000000006 0.353125 0.19218750000000004 0.353125
4 0.4187500000000002 0.8421875 0.15000000000000008 0.8421875 0.1500000000000001 0.9890625 0.4187500000000002 0.9890625
3 1 0.34375000000000006 0.017187500000000043 0.34375 0.017187500000000053 0.4875000000000001 1 0.48750000000000016
4 0.4546875 0.21250000000000008 0.41875 0.21250000000000008 0.41875 0.2750000000000001 0.4546875 0.2750000000000001