4 0.996875 1.0830470129959405e-16 0.771875 9.452742480918633e-17 0.771875 0.3375000000000001 0.996875 0.3375000000000001
4 0.28437500000000004 0.303125 0.012500000000000039 0.303125 0.012500000000000053 0.559375 0.2843750000000001 0.559375
1 0.9953125 6.104098889500089e-17 0.0015625 1.9135106236677395e-19 0.001562500000000061 0.9953125 0.9953125 0.9953125
4 0.4484375 0.09531250000000005 0.3234375 0.09531250000000005 0.3234375 0.26406250000000003 0.4484375 0.2640625000000001
4 0.296875 0.0015625000000000252 0.1203125 0.0015625000000000146 0.1203125 0.15000000000000002 0.296875 0.15000000000000005
4 0.5140625000000002 0.790625 0.3234375000000001 0.790625 0.3234375000000001 0.99375 0.5140625000000002 0.99375
4 0.23593750000000008 0.7203125 0.0031250000000000886 0.7203125 0.0031250000000001056 1 0.23593750000000008 1
4 0.440625 0.26562500000000006 0.275 0.265625 0.275 0.459375 0.440625 0.459375
4 0.3328125 0.09218750000000003 0.2078125 0.09218750000000002 0.2078125 0.225 0.3328125 0.225
4 0.5765625 0.03125000000000006 0.4859375 0.031250000000000056 0.4859375 0.13281250000000006 0.5765625 0.13281250000000008
4 0.8328125 0.25468750000000007 0.7015625 0.25468750000000007 0.7015625 0.40312500000000007 0.8328125 0.4031250000000002
4 0.6671875 0.001562500000000075 0.553125 0.001562500000000068 0.553125 0.1062500000000001 0.6671875 0.1062500000000001
4 0.10000000000000009 0.7109375 0.0031250000000000873 0.7109375 0.0031250000000000965 0.85625 0.10000000000000009 0.85625