4 0.996875 0.001562500000000061 0.0015625 0.0015625 0.001562500000000061 0.996875 0.996875 0.996875
4 0.71875 0.2234375000000001 0.6640625 0.2234375000000001 0.6640625 0.27031250000000007 0.71875 0.27031250000000007
4 0.2906250000000001 0.40625 0.2093750000000001 0.40625 0.2093750000000001 0.4578125 0.2906250000000001 0.4578125
4 0.809375 0.3765625000000001 0.7625 0.3765625000000001 0.7625 0.4234375000000002 0.809375 0.4234375000000002
4 0.696875 0.04687500000000008 0.6421875 0.046875000000000076 0.6421875 0.0906250000000001 0.696875 0.0906250000000001
4 0.35 0.06875000000000003 0.1625 0.06875000000000002 0.16250000000000003 0.2046875 0.35 0.2046875
4 1 0.2484375000000001 0.8796875 0.2484375000000001 0.8796875 0.5031250000000002 1 0.5031250000000002
4 0.14531250000000004 0.2109375 2.583239341951448e-17 0.2109375 3.386913803891899e-17 0.3421875 0.14531250000000004 0.3421875
4 0.5 0.15781250000000005 0.3984375 0.15781250000000005 0.3984375 0.2328125000000001 0.5 0.2328125000000001
4 0.11718750000000008 0.4125 5.051668046482832e-17 0.4125 8.429014297256392e-17 0.9640625 0.11718750000000014 0.9640625
4 0.13437500000000008 0.4734375 0.0015625000000000582 0.4734375 0.0015625000000000667 0.609375 0.13437500000000008 0.609375
4 0.709375 0.3906250000000001 0.65625 0.3906250000000001 0.65625 0.4203125 0.709375 0.4203125
3 0.3062500000000001 0.5890625 0.03593750000000007 0.5890625 0.03593750000000008 0.81875 0.3062500000000001 0.81875
4 0.7875 0.20468750000000008 0.6546875 0.20468750000000008 0.6546875 0.27031250000000007 0.7875 0.27031250000000007
4 0.13593750000000004 0.1859375 0.007812500000000023 0.1859375 0.007812500000000026 0.253125 0.13593750000000004 0.253125
1 0.990625 0.2593750000000001 0.928125 0.2593750000000001 0.928125 0.3421875000000001 0.990625 0.3421875000000001
1 0.89375 0.2765625000000001 0.84375 0.2765625000000001 0.84375 0.3765625000000001 0.89375 0.3765625000000001
3 0.48125000000000007 0.5796875 0.1906250000000001 0.5796875 0.1906250000000001 0.8390625 0.4812500000000002 0.8390625
4 0.2250000000000001 0.44375 0.09843750000000004 0.44375 0.09843750000000005 0.521875 0.2250000000000001 0.521875
4 0.284375 0.25 0.2390625 0.25 0.2390625 0.29375 0.284375 0.29375