1 0.996875 0.001562500000000061 0.0015625 0.0015625 0.001562500000000061 0.996875 0.996875 0.996875
3 0.3843750000000001 0.75625 0.006250000000000091 0.75625 0.006250000000000107 0.996875 0.3843750000000001 0.996875
3 0.4984375 0.33906250000000004 0.007812500000000042 0.3390625 0.007812500000000059 0.6234375 0.4984375 0.6234375
4 0.803125 0.0031250000000000943 0.7328125 0.0031250000000000904 0.7328125 0.12656250000000008 0.803125 0.12656250000000008
4 0.5953125 0.21093750000000008 0.546875 0.21093750000000008 0.546875 0.2875000000000001 0.5953125 0.2875000000000001
4 0.5125 5.405667511861364e-17 0.3703125 4.5350201780925416e-17 0.3703125 0.11406250000000004 0.5125 0.11406250000000004
4 0.5390625 0.11718750000000004 0.4828125 0.11718750000000004 0.4828125 0.18750000000000006 0.5390625 0.18750000000000006
4 0.7484375 0.24375000000000008 0.70625 0.24375000000000008 0.70625 0.27812500000000007 0.7484375 0.27812500000000007
3 0.31718750000000007 0.03593750000000002 4.401074434435801e-18 0.0359375 3.693075503678737e-17 0.5671875 0.31718750000000007 0.5671875
4 0.8453125 0.4109375000000002 0.76875 0.4109375000000002 0.76875 0.4968750000000002 0.8453125 0.4968750000000002
1 0.1531250000000001 0.784375 0.0062500000000000975 0.784375 0.006250000000000104 0.896875 0.1531250000000001 0.896875
1 0.2734375000000001 0.825 0.17343750000000008 0.825 0.17343750000000008 0.8765625 0.2734375000000001 0.8765625
4 0.665625 0.0015625000000000784 0.61875 0.0015625000000000755 0.61875 0.07343750000000007 0.665625 0.07343750000000009
1 0.10937500000000014 0.95625 0.025000000000000123 0.95625 0.025000000000000123 0.9859375 0.10937500000000014 0.9859375
4 0.2671875 2.956373913566657e-17 0.215625 2.6406446606614805e-17 0.215625 0.04843750000000003 0.2671875 0.048437500000000036
4 0.609375 0.09218750000000006 0.5609375 0.09218750000000006 0.5609375 0.14062500000000008 0.609375 0.14062500000000008
1 0.3734375000000001 0.7921875 0.2921875000000001 0.7921875 0.2921875000000001 0.83125 0.3734375000000001 0.83125
4 0.925 0.2312500000000001 0.8546875 0.2312500000000001 0.8546875 0.3359375000000001 0.925 0.3359375000000001
4 0.9890625 0.007812500000000118 0.9265625 0.007812500000000114 0.9265625 0.0796875000000001 0.9890625 0.0796875000000001
1 0.08281250000000011 0.940625 0.017187500000000116 0.940625 0.017187500000000116 0.9734375 0.08281250000000011 0.9734375
4 0.85 0.1984375000000001 0.796875 0.1984375000000001 0.796875 0.2515625000000001 0.85 0.2515625000000001
4 0.846875 0.1140625000000001 0.7796875 0.1140625000000001 0.7796875 0.18750000000000008 0.846875 0.18750000000000008
4 0.9140625 0.19218750000000012 0.8609375 0.1921875000000001 0.8609375 0.26250000000000007 0.9140625 0.26250000000000007
1 0.996875 0.3593750000000001 0.9484375 0.3593750000000001 0.9484375 0.39531250000000007 0.996875 0.39531250000000007
4 0.596875 6.630314311008718e-17 0.4859375 5.95101803960667e-17 0.4859375 0.07187500000000006 0.596875 0.07187500000000006
4 1 0.10312500000000013 0.9234375 0.10312500000000013 0.9234375 0.2218750000000001 1 0.2218750000000001
4 0.703125 0.057812500000000086 0.6625 0.057812500000000086 0.6625 0.10468750000000009 0.703125 0.10468750000000009
1 0.9953125 0.2734375000000001 0.928125 0.2734375000000001 0.928125 0.3421875000000001 0.9953125 0.3421875000000001
4 0.4953125 0.30468750000000006 0.315625 0.3046875 0.31562500000000004 0.446875 0.4953125 0.446875
4 0.3890625 0.035937500000000025 0.11875 0.03593750000000001 0.11875000000000002 0.29375000000000007 0.3890625 0.29375000000000007
4 0.6609375 0.2593750000000001 0.41875 0.2593750000000001 0.41875 0.4296875 0.6609375 0.4296875
1 0.19218750000000012 0.9734375 0.11406250000000014 0.9734375 0.11406250000000014 1 0.19218750000000012 1
4 0.2421875 0.03437500000000003 0.2 0.034375000000000024 0.2 0.07187500000000002 0.2421875 0.07187500000000002
1 0.11406250000000014 0.978125 0.02656250000000012 0.978125 0.02656250000000012 1 0.11406250000000014 1
4 0.5734375 0.2578125000000001 0.528125 0.2578125000000001 0.528125 0.2953125000000001 0.5734375 0.2953125000000001
4 0.9421875 0.4031250000000002 0.8921875 0.4031250000000002 0.8921875 0.45312500000000017 0.9421875 0.45312500000000017
4 0.12187500000000004 0.4328125 0.010937500000000053 0.4328125 0.01093750000000006 0.5390625 0.12187500000000004 0.5390625
4 0.3859375000000001 0.828125 0.3312500000000001 0.828125 0.3312500000000001 0.8765625 0.3859375000000001 0.8765625