4 0.6609375000000001 0.00312500000000004 0.0015625000000000007 0.003125 0.0015625000000000615 0.9953125 0.6609375000000002 0.9953125
4 0.34843750000000007 0.2921875 0.012500000000000034 0.2921875 0.012500000000000053 0.590625 0.34843750000000007 0.590625
4 0.4484375 0.06093750000000003 0.24375 0.06093750000000002 0.24375 0.21718750000000003 0.4484375 0.2171875000000001
4 0.203125 0.010937500000000013 0.0078125 0.0109375 0.007812500000000009 0.14687500000000003 0.203125 0.14687500000000003
2 0.34062500000000007 0.66875 8.189825469297925e-17 0.66875 1.0199011624149052e-16 0.996875 0.34062500000000007 0.996875
4 0.15312500000000004 0.3234375 0.043750000000000046 0.3234375 0.04375000000000005 0.471875 0.15312500000000004 0.471875
4 0.1765625 0.1421875 0.0015625000000000174 0.1421875 0.0015625000000000285 0.321875 0.17656250000000004 0.321875
4 0.17343750000000008 0.4078125 0.01875000000000005 0.4078125 0.01875000000000006 0.55625 0.17343750000000008 0.55625
1 0.86875 0.1984375000000001 0.675 0.1984375000000001 0.675 0.3078125000000001 0.86875 0.3078125000000001
4 0.1765625 0.109375 0.012500000000000011 0.109375 0.01250000000000002 0.20625 0.17656250000000004 0.20625
1 1 0.13281250000000008 0.1984375 0.13281250000000006 0.19843750000000002 0.20937500000000003 1 0.2093750000000001
4 0.5515625 0.0015625000000000478 0.2296875 0.0015625000000000285 0.2296875 0.14218750000000008 0.5515625 0.14218750000000008
1 0.915625 0.42656250000000007 0.6390625 0.4265625 0.6390625 0.51875 0.915625 0.5187500000000002
1 1 0.45781250000000007 0.056250000000000064 0.4578125 0.056250000000000064 0.5750000000000001 1 0.5750000000000002
1 0.8421875 0.0890625000000001 0.6375 0.08906250000000009 0.6375 0.1765625000000001 0.8421875 0.1765625000000001
1 0.2406250000000001 0.3765625 0.13906250000000003 0.3765625 0.13906250000000006 0.725 0.2406250000000001 0.725
4 0.11718750000000008 0.5703125 0.004687500000000069 0.5703125 0.004687500000000081 0.7578125 0.11718750000000008 0.7578125
3 1 0.5156250000000001 0.16718750000000004 0.515625 0.1671875000000001 0.9953125 1 0.9953125
4 0.34375 0.08906250000000003 0.2515625 0.08906250000000002 0.2515625 0.16875000000000004 0.34375 0.16875000000000004
1 0.553125 0.29375000000000007 0.3515625 0.29375 0.35156250000000006 0.415625 0.553125 0.415625
1 0.9953125 0.5453125000000001 0.6578125 0.5453125 0.6578125000000001 0.7703125000000001 0.9953125 0.7703125000000002
4 0.1296875000000001 0.6875 0.001562500000000084 0.6875 0.0015625000000000946 0.8609375 0.1296875000000001 0.8609375
1 0.5453125 6.065828677026735e-17 0.4453125 5.4535052774530576e-17 0.4453125 0.07187500000000005 0.5453125 0.07187500000000006
4 0.06875 0.0875 1.071565949253934e-17 0.0875 1.4064303083957884e-17 0.1421875 0.06875000000000002 0.1421875
4 0.09375000000000011 0.8921875 1.0926145661142792e-16 0.8921875 1.154803661383481e-16 0.99375 0.09375000000000011 0.99375