0 0.996875 0.0015625000000000615 0.003125 0.0015625000000000007 0.003125000000000061 0.9953125 0.996875 0.9953125
4 0.23437500000000006 0.010937500000000013 0.0078125 0.0109375 0.007812500000000028 0.44375 0.23437500000000008 0.44375
4 0.54375 0.01093750000000005 0.2671875 0.010937500000000034 0.2671875 0.22343750000000004 0.54375 0.2234375000000001
1 0.24687500000000004 0.18906250000000002 0.15468750000000003 0.1890625 0.1546875000000001 1 0.2468750000000001 1
4 0.15468750000000003 0.00937500000000001 0.0078125 0.009375 0.007812500000000012 0.2109375 0.15468750000000003 0.2109375
4 0.609375 0.15000000000000008 0.4890625 0.15000000000000005 0.4890625 0.3500000000000001 0.609375 0.3500000000000001
4 0.7 0.012500000000000072 0.515625 0.012500000000000061 0.515625 0.22812500000000008 0.7 0.22812500000000008
4 0.871875 0.21875000000000008 0.678125 0.21875000000000008 0.678125 0.4078125000000001 0.871875 0.4078125000000002
1 0.1968750000000001 0.675 0.15000000000000008 0.675 0.1500000000000001 1 0.19687500000000013 1
4 0.74375 0.2593750000000001 0.68125 0.2593750000000001 0.68125 0.3703125000000001 0.74375 0.3703125000000001
4 0.98125 0.31718750000000007 0.9015625 0.31718750000000007 0.9015625 0.4046875000000002 0.98125 0.4046875000000002
3 0.9640625 9.634525990167068e-17 0.609375 7.462691432304184e-17 0.609375 0.1953125000000001 0.9640625 0.19531250000000014
3 0.4984375000000001 0.4796875 0.19062500000000004 0.4796875 0.1906250000000001 1 0.4984375000000002 1
4 0.5921875 0.3656250000000001 0.51875 0.3656250000000001 0.51875 0.4625 0.5921875 0.4625
1 0.09843750000000005 0.41875 0.0031250000000000513 0.41875 0.0031250000000000596 0.5515625 0.09843750000000007 0.5515625
4 0.09843750000000001 0.017187500000000005 0.0125 0.0171875 0.012500000000000006 0.1046875 0.09843750000000002 0.1046875
4 0.146875 0.0015625000000000142 0.084375 0.0015625000000000105 0.084375 0.07500000000000001 0.146875 0.07500000000000002
4 0.2484375 0.006250000000000022 0.1125 0.006250000000000014 0.1125 0.1765625 0.2484375 0.17656250000000004
3 0.38125000000000003 0.30937500000000007 0.19062500000000004 0.309375 0.19062500000000007 0.7828125 0.3812500000000001 0.7828125
4 0.6 0.003125000000000068 0.509375 0.0031250000000000626 0.509375 0.10937500000000007 0.6 0.10937500000000008
4 0.3578125 0.08281250000000004 0.2890625 0.08281250000000004 0.2890625 0.15468750000000003 0.3578125 0.15468750000000003
4 0.5078125 0.003125000000000052 0.34375 0.003125000000000042 0.34375 0.11562500000000005 0.5078125 0.11562500000000005
4 0.925 0.1640625000000001 0.7875 0.16406250000000008 0.7875 0.3000000000000001 0.925 0.3000000000000001
1 0.5078125 0.3734375000000001 0.403125 0.3734375000000001 0.403125 0.546875 0.5078125 0.546875
4 0.7234375 0.0015625000000000781 0.5515625 0.0015625000000000673 0.5515625 0.09843750000000008 0.7234375 0.0984375000000001