4 0.29531250000000003 0.10312500000000002 0.1015625 0.103125 0.10156250000000003 0.3921875 0.2953125000000001 0.3921875
1 0.9953125 0.001562500000000061 0.0015625 0.0015625 0.001562500000000061 0.9953125 0.9953125 0.9953125
2 0.31875000000000003 0.13906250000000003 0.0015625000000000174 0.1390625 0.0015625000000000632 0.8875 0.3187500000000001 0.8875
2 0.5140625 0.004687500000000041 0.1453125 0.004687500000000018 0.14531250000000004 0.55625 0.5140625 0.55625
2 0.5390625000000001 0.6046875 0.0015625000000000742 0.6046875 0.001562500000000098 0.9953125 0.5390625000000002 0.9953125
4 0.1453125000000001 0.5875 0.001562500000000072 0.5875 0.0015625000000000899 0.878125 0.1453125000000001 0.878125
4 0.17812500000000003 0.2203125 0.10937500000000004 0.2203125 0.10937500000000004 0.3046875 0.17812500000000003 0.3046875
4 0.49375 4.152318053358994e-17 0.184375 2.2579425359279323e-17 0.184375 0.15000000000000005 0.49375 0.15000000000000005
4 0.45 0.11093750000000005 0.35 0.11093750000000005 0.35 0.25000000000000006 0.45 0.2500000000000001
4 0.2140625 0.11406250000000002 0.1296875 0.1140625 0.1296875 0.209375 0.2140625 0.209375
4 0.19218750000000007 0.2171875 2.659779766898158e-17 0.2171875 4.7455063466959936e-17 0.5578125 0.1921875000000001 0.5578125
4 0.8171875 0.3046875000000001 0.671875 0.3046875000000001 0.671875 0.47343750000000007 0.8171875 0.4734375000000002
3 1 9.883282371243874e-17 0.6140625 7.520096751014216e-17 0.6140625 0.4000000000000001 1 0.4000000000000002
2 0.9015625 0.0265625000000001 0.765625 0.02656250000000009 0.765625 0.19687500000000008 0.9015625 0.19687500000000008
1 0.09531250000000008 0.609375 7.462691432304184e-17 0.609375 8.122852597469554e-17 0.7171875 0.09531250000000009 0.7171875
1 0.6515625 0.19843750000000007 0.4390625 0.19843750000000004 0.4390625 0.25468750000000007 0.6515625 0.25468750000000007
1 1 0.06875000000000012 0.9375 0.06875000000000012 0.9375 0.10781250000000013 1 0.10781250000000013