4 0.5140625 0.290625 0.2078125 0.290625 0.20781250000000004 0.725 0.5140625 0.725
1 0.996875 6.113666442618428e-17 0.0015625 1.9135106236677395e-19 0.001562500000000061 0.996875 0.996875 0.996875
4 0.19375000000000006 0.50625 0.014062500000000061 0.50625 0.014062500000000075 0.703125 0.1937500000000001 0.703125
4 0.26250000000000007 0.8859375 0.1546875000000001 0.8859375 0.15468750000000012 1 0.26250000000000007 1
4 0.5171875 0.31562500000000004 0.3609375 0.315625 0.3609375 0.4734375 0.5171875 0.4734375
4 0.38125000000000003 0.29687500000000006 0.2109375 0.296875 0.21093750000000006 0.48125 0.3812500000000001 0.48125
3 0.4859375000000002 0.7609375 0.1984375000000001 0.7609375 0.1984375000000001 0.9890625 0.4859375000000002 0.9890625
4 0.28750000000000003 0.3546875 0.209375 0.3546875 0.20937500000000003 0.4515625 0.2875000000000001 0.4515625
3 0.8046875 0.0062500000000000775 0.4421875 0.006250000000000056 0.4421875 0.3375000000000001 0.8046875 0.3375000000000001
4 0.6703125 0.08593750000000008 0.5890625 0.08593750000000007 0.5890625 0.1671875000000001 0.6703125 0.1671875000000001
4 0.440625 0.3140625000000001 0.3765625 0.3140625000000001 0.3765625 0.3656250000000001 0.440625 0.3656250000000001
4 0.3578125 0.296875 0.3015625 0.296875 0.3015625 0.353125 0.3578125 0.353125
4 0.3421875000000001 0.5046875 0.2875000000000001 0.5046875 0.2875000000000001 0.575 0.3421875000000001 0.575
3 0.9796875 0.1984375000000001 0.5890625 0.1984375000000001 0.5890625 0.4171875000000001 0.9796875 0.41718750000000016
4 0.2 0.004687500000000014 0.025 0.004687500000000002 0.025000000000000012 0.13906250000000003 0.2 0.13906250000000003
1 0.1671875000000001 0.771875 0.0750000000000001 0.771875 0.0750000000000001 0.81875 0.1671875000000001 0.81875