4 0.7234375000000001 0.484375 0.2906250000000001 0.484375 0.2906250000000001 0.796875 0.7234375000000002 0.796875
1 0.996875 6.113666442618428e-17 0.0015625 1.9135106236677395e-19 0.001562500000000061 0.996875 0.996875 0.996875
4 0.47343750000000007 0.6375 0.2890625000000001 0.6375 0.2890625000000001 0.790625 0.4734375000000002 0.790625
4 0.478125 0.4890625 0.3125000000000001 0.4890625 0.3125000000000001 0.6671875 0.478125 0.6671875
4 0.9078125 0.3984375000000001 0.7546875 0.3984375000000001 0.7546875 0.4890625000000002 0.9078125 0.4890625000000002
4 0.29531250000000003 0.2109375 0.015625000000000028 0.2109375 0.015625000000000076 0.9859375 0.2953125000000001 0.9859375
4 0.9296875 0.2578125000000001 0.8109375 0.2578125000000001 0.8109375 0.3500000000000001 0.9296875 0.3500000000000001
4 0.4453125 0.4875 0.3531250000000001 0.4875 0.3531250000000001 0.559375 0.4453125 0.559375
4 0.76875 0.4375000000000001 0.678125 0.4375 0.678125 0.5000000000000001 0.76875 0.5000000000000002
3 0.275 0.07812500000000003 0.103125 0.07812500000000003 0.10312500000000002 0.509375 0.2750000000000001 0.509375
4 0.68125 0.4375 0.6375 0.4375 0.6375 0.5 0.68125 0.5
3 0.4796875000000001 0.690625 8.457716956611408e-17 0.690625 1.0352092474042471e-16 1 0.47968750000000016 1
4 0.9765625 0.34843750000000007 0.9109375 0.34843750000000007 0.9109375 0.4125000000000002 0.9765625 0.4125000000000002
4 0.70625 0.3968750000000001 0.65 0.3968750000000001 0.65 0.4421875 0.70625 0.4421875
4 0.8484375 0.3500000000000001 0.796875 0.3500000000000001 0.796875 0.4046875000000002 0.8484375 0.4046875000000002
4 0.7671875 0.3765625000000001 0.7140625 0.3765625000000001 0.7140625 0.4218750000000001 0.7671875 0.42187500000000017
4 0.921875 0.3750000000000001 0.859375 0.3750000000000001 0.859375 0.4265625000000002 0.921875 0.4265625000000002
1 0.63125 0.0015625000000000755 0.60625 0.0015625000000000742 0.60625 0.503125 0.63125 0.503125
4 0.06562500000000003 0.184375 0.018750000000000024 0.184375 0.018750000000000027 0.2875 0.06562500000000004 0.2875
3 0.14687500000000003 0.26875 0.014062500000000033 0.26875 0.01406250000000005 0.540625 0.14687500000000003 0.540625
3 0.509375 3.1764276352884476e-17 0.009375 1.1481063742006436e-18 0.009375000000000014 0.23437500000000006 0.509375 0.23437500000000008
1 0.04218750000000006 0.115625 1.4159978615141272e-17 0.115625 6.151936655091782e-17 0.8890625 0.042187500000000114 0.8890625