1 1 0.003125000000000061 0.0046875 0.003125 0.004687500000000061 1 1 1
4 0.8421875 0.23437500000000008 0.60625 0.23437500000000008 0.60625 0.3531250000000001 0.8421875 0.3531250000000001
3 0.40312500000000007 0.465625 0.003125000000000057 0.465625 0.0031250000000000748 0.7578125 0.4031250000000002 0.7578125
1 0.815625 0.035937500000000094 0.753125 0.03593750000000009 0.753125 0.1062500000000001 0.815625 0.1062500000000001
1 0.91875 0.1750000000000001 0.8765625 0.1750000000000001 0.8765625 0.2234375000000001 0.91875 0.2234375000000001
1 0.7453125 0.3828125000000001 0.7 0.3828125000000001 0.7 0.4281250000000001 0.7453125 0.4281250000000002
1 0.94375 0.3906250000000001 0.8921875 0.3906250000000001 0.8921875 0.43281250000000016 0.94375 0.43281250000000016
1 0.61875 0.3046875000000001 0.5671875 0.3046875000000001 0.5671875 0.3703125000000001 0.61875 0.3703125000000001
1 0.9734375 0.2921875000000001 0.925 0.2921875000000001 0.925 0.3343750000000001 0.9734375 0.3343750000000001
1 0.96875 0.42968750000000017 0.8671875 0.42968750000000017 0.8671875 0.5046875000000002 0.96875 0.5046875000000002
1 0.5546875 0.3812500000000001 0.5140625 0.3812500000000001 0.5140625 0.43125 0.5546875 0.43125
3 0.48125000000000007 0.7171875 8.783013762634924e-17 0.7171875 1.0486038217699212e-16 0.9953125 0.4812500000000002 0.9953125
1 0.9953125 0.3375000000000001 0.9484375 0.3375000000000001 0.9484375 0.3859375000000001 0.9953125 0.3859375000000001
1 0.4890625 0.3765625000000001 0.4328125 0.3765625000000001 0.4328125 0.43125 0.4890625 0.43125
1 0.7703125 0.1765625000000001 0.734375 0.1765625000000001 0.734375 0.2234375000000001 0.7703125 0.2234375000000001
1 0.809375 0.42968750000000017 0.7671875 0.42968750000000017 0.7671875 0.46875000000000017 0.809375 0.46875000000000017
1 0.5359375 0.004687500000000062 0.4921875 0.00468750000000006 0.4921875 0.048437500000000064 0.5359375 0.048437500000000064
1 0.68125 0.3343750000000001 0.640625 0.3343750000000001 0.640625 0.37968750000000007 0.68125 0.37968750000000007
1 0.25000000000000006 1.5786462645258852e-17 0.0078125 9.567553118338697e-19 0.00781250000000003 0.4796875 0.2500000000000001 0.4796875
1 0.5203125 0.3812500000000001 0.4828125 0.3812500000000001 0.4828125 0.4203125 0.5203125 0.4203125
4 0.23437500000000008 0.91875 0.11250000000000013 0.91875 0.11250000000000013 0.99375 0.23437500000000008 0.99375
4 0.8359375 0.3859375000000001 0.771875 0.3859375000000001 0.771875 0.42500000000000016 0.8359375 0.42500000000000016
4 0.94375 0.38750000000000007 0.3609375000000001 0.3875 0.3609375000000001 0.6093750000000001 0.94375 0.6093750000000002
4 0.571875 0.4125 0.3687500000000001 0.4125 0.3687500000000001 0.5234375 0.571875 0.5234375