1 0.9921875 6.084963783263412e-17 0.0015625 1.9135106236677395e-19 0.0015625000000000582 0.95 0.9921875 0.95
4 0.3984375000000001 0.509375 0.25468750000000007 0.509375 0.25468750000000007 0.7265625 0.3984375000000001 0.7265625
1 0.5203125 0.3734375000000001 0.5046875 0.3734375000000001 0.5046875 0.4734375 0.5203125 0.4734375
1 0.8921875 0.25468750000000007 0.8703125 0.25468750000000007 0.8703125 0.3515625000000001 0.8921875 0.3515625000000001
4 0.048437500000000036 0.2640625 0.003125000000000032 0.2640625 0.0031250000000000396 0.384375 0.04843750000000004 0.384375
1 0.1312500000000001 0.5921875 0.04218750000000008 0.5921875 0.042187500000000086 0.7078125 0.1312500000000001 0.7078125
3 0.9953125 0.15312500000000007 0.012500000000000016 0.153125 0.012500000000000025 0.28125000000000006 0.9953125 0.2812500000000001
3 0.4875 0.037500000000000026 0.0015625000000000049 0.0375 0.0015625000000000122 0.15781250000000002 0.4875 0.15781250000000005
1 0.09218750000000003 0.2109375 0.02812500000000002 0.2109375 0.02812500000000003 0.275 0.09218750000000005 0.275
4 0.11093750000000006 0.446875 0.010937500000000055 0.446875 0.010937500000000065 0.61875 0.11093750000000009 0.61875
3 0.3296875000000001 0.5859375 0.003125000000000072 0.5859375 0.003125000000000079 0.703125 0.3296875000000001 0.703125