4 0.828125 0.4234375000000001 0.2093750000000001 0.4234375 0.2093750000000001 0.7875000000000001 0.828125 0.7875000000000002
1 0.8515625 0.6000000000000002 0.7671875 0.6000000000000002 0.7671875000000001 0.9484375 0.8515625 0.9484375
1 1 0.010937500000000107 0.75625 0.010937500000000091 0.7562500000000001 0.9875 1 0.9875
1 0.51875 0.021875000000000054 0.4171875 0.02187500000000005 0.4171875000000001 0.9765625 0.5187500000000002 0.9765625
1 1 1.1777657888674937e-16 0.9234375 1.130884778587634e-16 0.9234375 0.2609375000000001 1 0.2609375000000001
4 0.5296875 0.4765625 0.3265625000000001 0.4765625 0.3265625000000001 0.6484375 0.5296875 0.6484375
4 0.8 0.4703125000000001 0.6203125 0.4703125 0.6203125 0.6046875 0.8 0.6046875000000002
1 0.5843750000000001 0.015625000000000066 0.490625 0.015625000000000062 0.4906250000000001 0.971875 0.5843750000000002 0.971875
1 0.48125 0.2218750000000001 0.415625 0.2218750000000001 0.415625 0.4109375 0.48125 0.4109375
3 0.45000000000000007 0.5703125 6.984313776387249e-17 0.5703125 9.538850458983681e-17 0.9875 0.4500000000000002 0.9875
2 0.965625 0.15468750000000014 0.934375 0.15468750000000014 0.934375 0.2296875000000001 0.965625 0.2296875000000001
3 0.3953125 3.501724441311963e-17 0.1765625 2.1622670047445454e-17 0.1765625 0.16562500000000002 0.3953125 0.16562500000000005
1 0.5453125 6.075396230145073e-17 0.446875 5.472640383689735e-17 0.446875 0.490625 0.5453125 0.490625
4 0.4203125 0.4703125 0.3453125000000001 0.4703125 0.3453125000000001 0.546875 0.4203125 0.546875
4 0.4625 0.53125 0.21093750000000008 0.53125 0.21093750000000008 0.6859375 0.4625 0.6859375