4 0.828125 0.21093750000000006 0.209375 0.2109375 0.20937500000000003 0.5765625000000001 0.828125 0.5765625000000002
1 0.85 0.1531250000000001 0.79375 0.1531250000000001 0.79375 0.3968750000000001 0.85 0.3968750000000001
1 0.9375 0.0718750000000001 0.8 0.07187500000000009 0.8 0.9734375 0.9375 0.9734375
3 0.45781250000000007 0.575 0.003125000000000071 0.575 0.0031250000000000956 0.984375 0.4578125000000002 0.984375
3 0.99375 0.5281250000000001 0.5671875 0.528125 0.5671875000000001 0.984375 0.99375 0.984375
3 0.9875 0.003125000000000091 0.4953125 0.003125000000000061 0.4953125 0.2000000000000001 0.9875 0.2000000000000001
1 0.5156250000000001 0.039062500000000056 0.39375 0.03906250000000004 0.39375000000000004 0.98125 0.5156250000000002 0.98125
4 0.7140625 0.2218750000000001 0.4640625 0.2218750000000001 0.4640625 0.3843750000000001 0.7140625 0.3843750000000001
1 0.5843750000000001 0.026562500000000062 0.48125 0.026562500000000055 0.48125000000000007 0.9875 0.5843750000000002 0.9875
4 0.4796875 0.290625 0.2171875 0.290625 0.21718750000000003 0.4625 0.4796875 0.4625
1 0.56875 0.003125000000000066 0.5125 0.0031250000000000626 0.5125 0.25468750000000007 0.56875 0.25468750000000007