4 0.1593750000000001 0.90625 0.08281250000000011 0.90625 0.08281250000000011 0.99375 0.15937500000000013 0.99375
4 0.61875 0.3140625000000001 0.453125 0.3140625000000001 0.453125 0.4140625 0.61875 0.4140625
1 0.996875 6.113666442618428e-17 0.0015625 1.9135106236677395e-19 0.001562500000000061 0.996875 0.996875 0.996875
4 0.12031250000000007 0.534375 0.07343750000000007 0.534375 0.07343750000000007 0.590625 0.12031250000000009 0.590625
4 0.4203125000000002 0.8515625 0.3437500000000001 0.8515625 0.3437500000000001 0.928125 0.4203125000000002 0.928125
4 0.30937500000000007 0.9546875 0.2500000000000001 0.9546875 0.2500000000000001 0.9921875 0.30937500000000007 0.9921875
4 0.3359375000000001 0.81875 0.2843750000000001 0.81875 0.2843750000000001 0.8578125 0.3359375000000001 0.8578125
4 0.35625000000000007 0.4125 0.20468750000000008 0.4125 0.20468750000000008 0.490625 0.35625000000000007 0.490625
4 0.3968750000000001 0.784375 0.3578125000000001 0.784375 0.3578125000000001 0.821875 0.3968750000000001 0.821875
4 0.4984375 5.57788346799146e-17 0.4125 5.051668046482832e-17 0.4125 0.028125000000000056 0.4984375 0.028125000000000056
4 0.4828125 0.18437500000000004 0.428125 0.18437500000000004 0.428125 0.2390625000000001 0.4828125 0.2390625000000001
1 0.5125 0.4078125 0.5015625 0.4078125 0.5015625 0.46875 0.5125 0.46875
1 0.3390625000000001 0.5484375 0.2734375000000001 0.5484375 0.2734375000000001 0.6390625 0.3390625000000001 0.6390625
1 0.4 0.5234375 0.33281250000000007 0.5234375 0.33281250000000007 0.5859375 0.4 0.5859375
1 0.4671875 0.5859375 0.3937500000000001 0.5859375 0.3937500000000001 0.70625 0.4671875 0.70625
1 0.65 0.09843750000000008 0.540625 0.09843750000000007 0.540625 0.20312500000000008 0.65 0.20312500000000008
1 0.2703125 0.215625 0.2 0.215625 0.2 0.315625 0.2703125 0.315625
1 0.5109375 0.19687500000000005 0.440625 0.19687500000000005 0.440625 0.30937500000000007 0.5109375 0.30937500000000007
1 0.4484375 0.18906250000000005 0.378125 0.18906250000000005 0.378125 0.27031250000000007 0.4484375 0.27031250000000007
1 0.56875 0.428125 0.503125 0.428125 0.503125 0.490625 0.56875 0.490625
1 0.35 0.19843750000000004 0.2640625 0.19843750000000004 0.2640625 0.303125 0.35 0.303125
1 0.5734375 0.24218750000000008 0.503125 0.24218750000000008 0.503125 0.3234375000000001 0.5734375 0.3234375000000001
1 0.425 0.08437500000000005 0.3203125 0.08437500000000005 0.3203125 0.20156250000000003 0.425 0.2015625000000001
1 0.09062500000000008 0.6078125 0.020312500000000074 0.6078125 0.02031250000000008 0.715625 0.0906250000000001 0.715625
1 0.11562500000000009 0.7484375 0.03593750000000009 0.7484375 0.0359375000000001 0.8640625 0.11562500000000009 0.8640625
1 0.3000000000000001 0.609375 0.1984375000000001 0.609375 0.1984375000000001 0.775 0.3000000000000001 0.775
1 0.08906250000000007 0.5 0.018750000000000062 0.5 0.018750000000000065 0.5671875 0.08906250000000007 0.5671875
1 0.2640625 0.09687500000000002 0.1875 0.09687500000000002 0.1875 0.15937500000000004 0.2640625 0.15937500000000004
1 0.390625 0.20312500000000006 0.31875 0.203125 0.31875 0.29375000000000007 0.390625 0.29375000000000007
1 0.14062500000000006 0.353125 0.07812500000000004 0.353125 0.07812500000000004 0.41875 0.14062500000000006 0.41875
1 0.2296875000000001 0.659375 0.1609375000000001 0.659375 0.1609375000000001 0.7140625 0.2296875000000001 0.7140625
1 0.3968750000000001 0.6171875 0.33281250000000007 0.6171875 0.33281250000000007 0.69375 0.3968750000000001 0.69375
1 0.2812500000000001 0.553125 0.2140625000000001 0.553125 0.2140625000000001 0.6203125 0.2812500000000001 0.6203125
1 0.4015625 0.37187500000000007 0.3187500000000001 0.371875 0.3187500000000001 0.4859375 0.4015625 0.4859375
1 0.2718750000000001 0.3671875 0.20468750000000008 0.3671875 0.20468750000000008 0.415625 0.2718750000000001 0.415625
1 0.5 0.496875 0.4453125 0.496875 0.4453125 0.5484375 0.5 0.5484375
1 0.128125 1.4734031802241592e-17 0.1125 1.3777276490407724e-17 0.1125 0.1375 0.128125 0.1375
1 0.2046875 0.184375 0.12500000000000006 0.184375 0.12500000000000006 0.2921875 0.2046875 0.2921875
1 0.6328125 0.421875 0.565625 0.421875 0.565625 0.478125 0.6328125 0.478125
1 0.1906250000000001 0.7375 0.09218750000000009 0.7375 0.0921875000000001 0.8546875 0.1906250000000001 0.8546875
1 0.33125 0.08750000000000004 0.2625 0.08750000000000002 0.2625 0.16093750000000004 0.33125 0.16093750000000004
1 0.4078125000000001 0.70625 0.3453125000000001 0.70625 0.3453125000000001 0.7640625 0.4078125000000002 0.7640625
1 0.07500000000000004 0.2109375 0.014062500000000028 0.2109375 0.01406250000000003 0.2765625 0.07500000000000004 0.2765625
4 1 0.2328125000000001 0.8578125 0.2328125000000001 0.8578125 0.5062500000000002 1 0.5062500000000002
1 0.4296875000000001 0.7234375 0.4046875 0.7234375 0.4046875000000001 1 0.42968750000000017 1
1 0.7046875 0.2578125000000001 0.6421875 0.2578125000000001 0.6421875 0.3437500000000001 0.7046875 0.3437500000000001
1 0.8203125 0.3625000000000001 0.75 0.3625000000000001 0.75 0.42500000000000016 0.8203125 0.42500000000000016
1 0.7765625 0.2671875000000001 0.690625 0.2671875000000001 0.690625 0.3859375000000001 0.7765625 0.3859375000000001
1 0.09375000000000006 0.415625 0.025000000000000057 0.415625 0.02500000000000006 0.503125 0.09375000000000007 0.503125
1 0.1890625000000001 0.859375 0.11093750000000009 0.859375 0.1109375000000001 0.93125 0.18906250000000013 0.93125
1 0.34062500000000007 0.6359375 0.2812500000000001 0.6359375 0.2812500000000001 0.6953125 0.34062500000000007 0.6953125
1 0.65 0.2593750000000001 0.5640625 0.2593750000000001 0.5640625 0.3218750000000001 0.65 0.3218750000000001
1 0.4421875 0.2593750000000001 0.378125 0.2593750000000001 0.378125 0.3156250000000001 0.4421875 0.3156250000000001
1 0.0984375000000001 0.7171875 0.03125000000000009 0.7171875 0.03125000000000009 0.7671875 0.0984375000000001 0.7671875
1 0.1515625000000001 0.6375 0.0906250000000001 0.6375 0.0906250000000001 0.709375 0.1515625000000001 0.709375
1 0.2890625000000001 0.8140625 0.2375000000000001 0.8140625 0.2375000000000001 0.8734375 0.2890625000000001 0.8734375
1 0.6375 0.22656250000000008 0.5609375 0.22656250000000008 0.5609375 0.2671875000000001 0.6375 0.2671875000000001
1 0.8796875 0.44531250000000017 0.80625 0.44531250000000017 0.80625 0.5000000000000002 0.8796875 0.5000000000000002
1 0.8375 0.2593750000000001 0.7546875 0.2593750000000001 0.7546875 0.3703125000000001 0.8375 0.3703125000000001
4 0.4375 0.5453125 0.3265625000000001 0.5453125 0.3265625000000001 0.6265625 0.4375 0.6265625
1 0.9515625 0.1796875000000001 0.878125 0.17968750000000008 0.878125 0.24218750000000008 0.9515625 0.24218750000000008
1 0.9015625 0.3031250000000001 0.81875 0.3031250000000001 0.81875 0.4359375000000002 0.9015625 0.4359375000000002
4 0.21093750000000006 0.259375 0.08593750000000003 0.259375 0.08593750000000003 0.4265625 0.21093750000000008 0.4265625
1 0.3593750000000001 0.840625 0.2890625000000001 0.840625 0.2890625000000001 0.9140625 0.3593750000000001 0.9140625
1 0.23437500000000008 0.7125 0.16406250000000008 0.7125 0.16406250000000008 0.775 0.23437500000000008 0.775
1 0.2703125 0.14687500000000003 0.203125 0.14687500000000003 0.203125 0.2046875 0.2703125 0.2046875
1 0.6875 7.998474406931151e-17 0.61875 7.577502069724248e-17 0.61875 0.032812500000000085 0.6875 0.03281250000000009
1 0.7703125 0.1375000000000001 0.6953125 0.1375000000000001 0.6953125 0.2000000000000001 0.7703125 0.2000000000000001
1 0.4859375000000002 0.7703125 0.41406250000000017 0.7703125 0.41406250000000017 0.871875 0.4859375000000002 0.871875
1 0.1765625 0.009375000000000019 0.109375 0.009375000000000014 0.10937500000000003 0.2203125 0.17656250000000004 0.2203125
1 0.54375 0.19375000000000003 0.4984375 0.19375000000000003 0.4984375 0.2156250000000001 0.54375 0.2156250000000001
1 0.48750000000000016 0.90625 0.4187500000000002 0.90625 0.4187500000000002 0.9828125 0.48750000000000016 0.9828125
4 0.5125 0.3343750000000001 0.4359375 0.3343750000000001 0.4359375 0.4046875 0.5125 0.4046875
1 0.475 0.00625000000000005 0.34375 0.006250000000000042 0.34375 0.11718750000000004 0.475 0.11718750000000004
4 0.01875000000000005 0.3859375 4.7263712404593165e-17 0.3859375 4.91772230282609e-17 0.4171875 0.01875000000000005 0.4171875
1 0.41406250000000017 0.946875 0.3500000000000001 0.946875 0.3500000000000001 0.9953125 0.41406250000000017 0.9953125