4 0.6109375000000001 0.11718750000000007 0.19375 0.11718750000000004 0.19375000000000003 0.7875 0.6109375000000001 0.7875
1 0.996875 6.113666442618428e-17 0.0015625 1.9135106236677395e-19 0.001562500000000061 0.996875 0.996875 0.996875
1 0.434375 0.0015625000000000517 0.40625 0.00156250000000005 0.40625 0.13125000000000003 0.434375 0.13125000000000003
2 0.275 2.0091861548511266e-17 0.053125 6.505936120470313e-18 0.05312500000000002 0.3765625 0.2750000000000001 0.3765625
4 0.6109375 0.16250000000000006 0.4734375 0.16250000000000003 0.4734375 0.2515625000000001 0.6109375 0.2515625000000001
4 0.559375 0.2500000000000001 0.428125 0.2500000000000001 0.428125 0.3359375000000001 0.559375 0.3359375000000001
4 0.3796875 0.11718750000000004 0.315625 0.11718750000000004 0.315625 0.22031250000000005 0.3796875 0.22031250000000008
4 0.459375 0.2234375000000001 0.38125 0.2234375000000001 0.38125 0.3140625000000001 0.459375 0.3140625000000001
4 0.81875 0.3734375000000001 0.6875 0.3734375000000001 0.6875 0.4937500000000001 0.81875 0.4937500000000002
4 0.06718750000000002 0.1109375 0.001562500000000014 0.1109375 0.0015625000000000226 0.2546875 0.06718750000000002 0.2546875
4 0.3031250000000001 0.6828125 0.19687500000000008 0.6828125 0.19687500000000008 0.7984375 0.3031250000000001 0.7984375
2 0.6109375 6.343287717458556e-17 0.425 5.204748896376251e-17 0.425 0.15625000000000006 0.6109375 0.15625000000000008
4 0.3546875000000001 0.578125 0.20312500000000008 0.578125 0.20312500000000008 0.7 0.3546875000000001 0.7
4 0.309375 0.007812500000000033 0.225 0.007812500000000028 0.225 0.11406250000000004 0.309375 0.11406250000000004
3 0.8640625 0.004687500000000087 0.5671875 0.004687500000000069 0.5671875 0.2156250000000001 0.8640625 0.2156250000000001
4 0.2125 0.0031250000000000175 0.071875 0.0031250000000000084 0.07187500000000001 0.17343750000000002 0.2125 0.17343750000000005
3 0.990625 0.0687500000000001 0.7375 0.06875000000000009 0.7375 0.3265625000000001 0.990625 0.3265625000000001
4 0.865625 9.902417477480551e-17 0.7515625 9.203986099841827e-17 0.7515625 0.0906250000000001 0.865625 0.09062500000000011
4 0.9625 0.3671875000000001 0.8640625 0.3671875000000001 0.8640625 0.45312500000000017 0.9625 0.45312500000000017
4 0.3500000000000001 0.4546875 0.26250000000000007 0.4546875 0.26250000000000007 0.5578125 0.3500000000000001 0.5578125
4 0.2093750000000001 0.6515625 0.04218750000000008 0.6515625 0.042187500000000086 0.8140625 0.2093750000000001 0.8140625
4 0.70625 7.979339300694473e-17 0.596875 7.309610582410764e-17 0.596875 0.06562500000000007 0.70625 0.06562500000000009
2 0.35625000000000007 0.840625 0.1781250000000001 0.840625 0.17812500000000012 0.9984375 0.35625000000000007 0.9984375
4 0.11562500000000009 0.56875 0.03593750000000007 0.56875 0.035937500000000074 0.6578125 0.11562500000000009 0.6578125
4 0.2593750000000001 0.4625 0.07031250000000007 0.4625 0.07031250000000007 0.590625 0.2593750000000001 0.590625
4 0.96875 0.035937500000000115 0.8703125 0.03593750000000011 0.8703125 0.10468750000000011 0.96875 0.10468750000000013
4 0.403125 0.34375000000000006 0.3203125 0.34375 0.32031250000000006 0.421875 0.403125 0.421875
4 0.9046875 0.3671875000000001 0.8 0.3671875000000001 0.8 0.4515625000000002 0.9046875 0.4515625000000002
4 0.721875 0.2218750000000001 0.571875 0.2218750000000001 0.571875 0.4140625 0.721875 0.4140625
4 0.08281250000000011 0.8359375 1.0237281836622405e-16 0.8359375 1.1222739807811292e-16 0.996875 0.08281250000000011 0.996875
4 0.1906250000000001 0.8671875 0.10312500000000009 0.8671875 0.1031250000000001 0.9609375 0.19062500000000013 0.9609375
4 0.10000000000000005 0.234375 0.048437500000000036 0.234375 0.048437500000000036 0.33125 0.10000000000000005 0.33125