4 0.7906250000000001 0.38125000000000003 0.3140625000000001 0.38125 0.3140625000000001 0.8046875 0.7906250000000001 0.8046875
1 0.37968750000000007 0.7078125 0.3343750000000001 0.7078125 0.3343750000000001 0.91875 0.37968750000000007 0.91875
4 0.59375 0.16406250000000006 0.371875 0.16406250000000006 0.371875 0.3234375000000001 0.59375 0.3234375000000001
4 0.3375000000000001 0.434375 0.2312500000000001 0.434375 0.2312500000000001 0.5671875 0.3375000000000001 0.5671875
4 0.26250000000000007 0.390625 0.15468750000000003 0.390625 0.15468750000000003 0.5421875 0.26250000000000007 0.5421875
4 0.9921875 0.1953125000000001 0.8640625 0.19531250000000008 0.8640625 0.33281250000000007 0.9921875 0.33281250000000007
3 0.859375 0.0015625000000000847 0.51875 0.0015625000000000638 0.51875 0.2156250000000001 0.859375 0.2156250000000001
3 0.5875 0.0015625000000000562 0.3296875 0.0015625000000000402 0.3296875 0.16718750000000007 0.5875 0.1671875000000001
2 0.19375000000000006 0.390625 0.003125000000000047 0.390625 0.003125000000000066 0.69375 0.1937500000000001 0.69375
3 0.45625000000000016 0.875 0.2250000000000001 0.875 0.2250000000000001 0.996875 0.45625000000000016 0.996875
1 0.15781250000000002 0.178125 0.1109375 0.178125 0.11093750000000002 0.3703125 0.15781250000000005 0.3703125
4 0.3203125000000001 0.55 0.2140625000000001 0.55 0.2140625000000001 0.63125 0.3203125000000001 0.63125
1 0.2828125000000001 0.66875 0.15625000000000008 0.66875 0.1562500000000001 0.975 0.2828125000000001 0.975
4 0.09218750000000002 0.1328125 1.6264840301175783e-17 0.1328125 2.3631856202296583e-17 0.253125 0.09218750000000002 0.253125
4 0.9734375 0.010937500000000112 0.8671875 0.010937500000000105 0.8671875 0.10625000000000011 0.9734375 0.10625000000000014
4 0.4703125 0.5625 0.3468750000000001 0.5625 0.3468750000000001 0.6625 0.4703125 0.6625
1 0.8984375 0.2171875000000001 0.81875 0.2171875000000001 0.81875 0.3515625000000001 0.8984375 0.3515625000000001
4 0.784375 0.36406250000000007 0.659375 0.36406250000000007 0.659375 0.42656250000000007 0.784375 0.4265625000000002
1 0.4296875000000001 0.5890625 0.3125000000000001 0.5890625 0.3125000000000001 0.7640625 0.42968750000000017 0.7640625
3 0.3890625 0.00937500000000004 0.25625 0.009375000000000031 0.25625 0.25625000000000003 0.3890625 0.2562500000000001
4 0.409375 0.28750000000000003 0.2234375 0.2875 0.22343750000000004 0.4359375 0.409375 0.4359375
4 0.45312500000000017 0.7546875 0.3671875000000001 0.7546875 0.3671875000000001 0.8953125 0.45312500000000017 0.8953125
4 0.1671875000000001 0.7890625 9.663228649522084e-17 0.7890625 1.0543443536409245e-16 0.9328125 0.16718750000000013 0.9328125
4 0.55625 0.003125000000000061 0.4421875 0.003125000000000054 0.4421875 0.07812500000000006 0.55625 0.07812500000000007
4 0.734375 0.2890625000000001 0.6140625 0.2890625000000001 0.6140625 0.37968750000000007 0.734375 0.37968750000000007
4 0.65 0.3468750000000001 0.4984375 0.3468750000000001 0.4984375 0.4421875 0.65 0.4421875
4 0.50625 0.3781250000000001 0.3734375000000001 0.3781250000000001 0.3734375000000001 0.496875 0.50625 0.496875
4 0.9203125 0.33281250000000007 0.84375 0.33281250000000007 0.84375 0.4125000000000002 0.9203125 0.4125000000000002
4 0.278125 0.0015625000000000229 0.0984375 0.0015625000000000118 0.09843750000000001 0.09531250000000004 0.278125 0.09531250000000005
4 0.07031250000000004 0.29375 3.59739997249535e-17 0.29375 4.228858478305704e-17 0.396875 0.07031250000000004 0.396875
1 0.8921875 0.39531250000000007 0.8015625 0.39531250000000007 0.8015625 0.4937500000000002 0.8921875 0.4937500000000002
4 0.471875 0.20312500000000008 0.3703125 0.20312500000000008 0.3703125 0.3078125000000001 0.471875 0.3078125000000001
4 0.440625 0.04375000000000005 0.359375 0.043750000000000046 0.359375 0.13281250000000006 0.440625 0.13281250000000006
4 0.175 0.08906250000000002 0.065625 0.0890625 0.06562500000000002 0.178125 0.175 0.178125
4 0.4984375 0.32500000000000007 0.39375 0.32500000000000007 0.39375000000000004 0.3921875000000001 0.4984375 0.3921875000000001
1 0.1125 0.012500000000000008 0.0265625 0.012500000000000006 0.026562500000000006 0.1328125 0.1125 0.1328125
4 0.6984375 0.21250000000000008 0.6109375 0.21250000000000008 0.6109375 0.2953125000000001 0.6984375 0.2953125000000001