4 0.7375 0.4203125000000001 0.3984375000000001 0.4203125 0.3984375000000001 0.6343750000000001 0.7375 0.6343750000000001
1 0.996875 0.040625000000000064 0.0015625000000000049 0.040625 0.0015625000000000634 0.996875 0.996875 0.996875
1 1 0.043750000000000074 0.1796875 0.043750000000000025 0.17968750000000003 0.35625000000000007 1 0.35625000000000007
4 0.45625 0.10937500000000004 0.1890625 0.10937500000000004 0.18906250000000002 0.25000000000000006 0.45625 0.2500000000000001
4 0.6140625 0.10312500000000006 0.4171875 0.10312500000000005 0.4171875 0.2515625000000001 0.6140625 0.2515625000000001
1 0.9921875 0.4265625000000002 0.8515625 0.4265625000000002 0.8515625 0.5093750000000001 0.9921875 0.5093750000000001
4 0.540625 0.37812500000000004 0.3453125000000001 0.378125 0.3453125000000001 0.4703125 0.540625 0.4703125
4 0.5625 0.25000000000000006 0.3140625 0.25 0.3140625 0.38281250000000006 0.5625 0.3828125000000001
4 0.9546875 0.0453125000000001 0.7546875 0.04531250000000009 0.7546875 0.13906250000000012 0.9546875 0.13906250000000014
4 0.1984375 0.05000000000000001 0.0015625000000000062 0.05 0.0015625000000000129 0.15781250000000002 0.1984375 0.15781250000000005
1 0.5156250000000002 0.8078125 0.2390625000000001 0.8078125 0.2390625000000001 0.878125 0.5156250000000002 0.878125
4 0.7421875 0.07187500000000008 0.5328125 0.07187500000000006 0.5328125 0.15312500000000007 0.7421875 0.1531250000000001
1 0.965625 0.06093750000000009 0.5953125 0.06093750000000007 0.5953125 0.2062500000000001 0.965625 0.2062500000000001
1 0.5015625000000001 0.8578125 0.25468750000000007 0.8578125 0.25468750000000007 0.9359375 0.5015625000000001 0.9359375
1 0.20625 0.04531250000000002 0.1546875 0.04531250000000002 0.15468750000000003 0.2171875 0.20625 0.2171875
4 0.6 0.04062500000000006 0.2328125 0.040625000000000036 0.2328125 0.11562500000000006 0.6 0.11562500000000009
2 0.3109375000000001 0.8421875 0.08437500000000012 0.8421875 0.08437500000000012 0.9875 0.3109375000000001 0.9875
1 0.7875 0.12656250000000008 0.575 0.12656250000000008 0.575 0.17968750000000008 0.7875 0.17968750000000008
4 0.09687500000000004 0.2921875 0.004687500000000036 0.2921875 0.004687500000000042 0.3921875 0.09687500000000004 0.3921875
3 0.18593750000000006 0.45 0.004687500000000055 0.45 0.004687500000000065 0.5953125 0.1859375000000001 0.5953125
1 0.16875000000000012 0.8953125 0.06250000000000011 0.8953125 0.06250000000000011 0.9640625 0.16875000000000012 0.9640625