4 0.6234375 0.2593750000000001 0.425 0.2593750000000001 0.425 0.603125 0.6234375 0.603125
1 0.996875 0.0015625000000000638 0.04375 0.0015625000000000055 0.04375000000000006 0.9953125 0.996875 0.9953125
2 0.36406250000000007 0.009375000000000026 0.0515625 0.009375000000000005 0.051562500000000046 0.796875 0.36406250000000007 0.796875
1 0.31250000000000006 0.006250000000000036 0.2609375 0.006250000000000033 0.26093750000000004 0.39375 0.3125000000000001 0.39375
1 0.20937500000000003 0.07812500000000003 0.103125 0.07812500000000003 0.10312500000000002 0.43125 0.2093750000000001 0.43125
1 0.996875 0.0093750000000001 0.640625 0.009375000000000078 0.640625 0.3296875000000001 0.996875 0.3296875000000001
4 0.609375 0.2734375000000001 0.5203125 0.2734375000000001 0.5203125 0.403125 0.609375 0.403125
4 0.5078125 0.012500000000000053 0.35625 0.012500000000000044 0.35625 0.27031250000000007 0.5078125 0.27031250000000007
4 0.996875 0.2453125000000001 0.8578125 0.2453125000000001 0.8578125 0.5187500000000002 0.996875 0.5187500000000002
4 0.265625 0.0031250000000000223 0.1 0.0031250000000000123 0.1 0.17343750000000002 0.265625 0.17343750000000005
4 0.684375 0.006250000000000072 0.50625 0.006250000000000061 0.50625 0.2750000000000001 0.684375 0.2750000000000001
4 0.5546875 0.2953125000000001 0.4484375 0.2953125000000001 0.4484375 0.4078125 0.5546875 0.4078125
4 0.14531250000000004 0.2 0.04531250000000002 0.2 0.04531250000000004 0.4828125 0.14531250000000004 0.4828125
4 0.575 0.13125000000000006 0.4703125 0.13125000000000003 0.4703125 0.2953125000000001 0.575 0.2953125000000001
1 0.5015625 0.02343750000000006 0.4328125 0.023437500000000056 0.4328125 0.14843750000000006 0.5015625 0.14843750000000006
4 0.1609375 0.10625 0.115625 0.10625 0.11562500000000002 0.2140625 0.16093750000000004 0.2140625
4 0.3515625 0.03750000000000004 0.278125 0.03750000000000003 0.278125 0.2875 0.3515625 0.2875