4 0.446875 0.18750000000000006 0.2046875 0.18750000000000006 0.2046875 0.33906250000000004 0.446875 0.3390625000000001
4 0.8421875 0.2406250000000001 0.559375 0.2406250000000001 0.559375 0.4671875000000001 0.8421875 0.4671875000000002
4 0.4046875 0.4359375 0.2656250000000001 0.4359375 0.2656250000000001 0.546875 0.4046875 0.546875
4 0.290625 0.2390625 0.2078125 0.2390625 0.2078125 0.3359375 0.290625 0.3359375
4 0.5921875 0.2156250000000001 0.44375 0.2156250000000001 0.44375 0.3625000000000001 0.5921875 0.3625000000000001
1 0.1859375 0.032812500000000015 0.0546875 0.03281250000000001 0.054687500000000014 0.13593750000000002 0.1859375 0.13593750000000004
4 0.6609375 0.23437500000000008 0.575 0.23437500000000008 0.575 0.3125000000000001 0.6609375 0.3125000000000001
1 0.09843750000000001 0.043750000000000004 0.0031250000000000054 0.04375 0.003125000000000014 0.1828125 0.09843750000000002 0.1828125
1 0.4 0.001562500000000034 0.153125 0.0015625000000000187 0.153125 0.1296875 0.4 0.12968750000000004
1 0.31093750000000003 0.2203125 0.2390625 0.2203125 0.23906250000000004 0.515625 0.3109375000000001 0.515625
4 0.671875 0.3125000000000001 0.55625 0.3125000000000001 0.55625 0.4125 0.671875 0.4125
1 0.18750000000000006 0.234375 2.870265935501609e-17 0.234375 4.4584797531458325e-17 0.49375 0.18750000000000006 0.49375
1 0.5140625 0.07968750000000005 0.3578125 0.07968750000000005 0.3578125 0.18906250000000005 0.5140625 0.18906250000000005
1 0.16562500000000005 0.209375 0.05468750000000002 0.209375 0.054687500000000035 0.278125 0.16562500000000005 0.278125
1 0.13281250000000006 0.1953125 0.0031250000000000236 0.1953125 0.003125000000000032 0.3328125 0.13281250000000006 0.3328125
1 0.2828125 0.07656250000000003 0.1296875 0.07656250000000002 0.1296875 0.15781250000000002 0.2828125 0.15781250000000005
1 1 0.007812500000000088 0.4546875 0.007812500000000056 0.4546875 0.2796875000000001 1 0.2796875000000001
1 0.24375000000000008 0.796875 0.004687500000000097 0.796875 0.004687500000000105 0.9125 0.24375000000000008 0.9125
1 0.3609375000000001 0.7484375 0.21250000000000008 0.7484375 0.21250000000000008 0.865625 0.3609375000000001 0.865625
4 0.7234375 0.2734375000000001 0.61875 0.2734375000000001 0.61875 0.37187500000000007 0.7234375 0.37187500000000007
4 0.9625 0.21093750000000006 0.2171875 0.2109375 0.21718750000000003 0.7109375000000001 0.9625 0.7109375000000002
1 0.9875 0.753125 0.004687500000000092 0.753125 0.0046875000000001065 1 0.9875 1