4 0.8171875 0.4765625000000001 0.44375 0.4765625 0.4437500000000001 0.85625 0.8171875 0.85625
1 0.321875 0.15625000000000006 0.28125 0.15625000000000006 0.28125000000000006 0.4578125 0.3218750000000001 0.4578125
1 0.9109375 0.06718750000000011 0.8453125 0.06718750000000011 0.8453125 0.3468750000000001 0.9109375 0.3468750000000001
3 0.4609375000000001 0.7171875 0.007812500000000088 0.7171875 0.007812500000000106 0.9953125 0.46093750000000017 0.9953125
3 0.8140625 0.2406250000000001 0.4078125 0.2406250000000001 0.4078125 0.5015625000000001 0.8140625 0.5015625000000001
4 0.4750000000000001 0.6453125 0.3000000000000001 0.6453125 0.3000000000000001 0.83125 0.4750000000000002 0.83125
3 0.996875 0.0656250000000001 0.74375 0.06562500000000009 0.74375 0.2406250000000001 0.996875 0.2406250000000001
3 0.4171875 0.4359375 0.08437500000000005 0.4359375 0.08437500000000006 0.659375 0.4171875 0.659375
4 0.5484375 0.08750000000000005 0.1765625 0.08750000000000002 0.1765625 0.4734375 0.5484375 0.4734375
4 0.6640625 0.08125000000000007 0.4390625 0.08125000000000004 0.4390625 0.24218750000000008 0.6640625 0.24218750000000008
3 1 0.06562500000000013 0.8734375 0.06562500000000011 0.8734375 0.4593750000000002 1 0.4593750000000002
1 0.275 0.34375 0.17500000000000004 0.34375 0.17500000000000004 0.3921875 0.2750000000000001 0.3921875