4 0.5578125 0.12968750000000004 0.18125 0.1296875 0.18125000000000002 0.534375 0.5578125 0.534375
1 0.996875 0.0015625000000000615 0.003125 0.0015625000000000007 0.0031250000000000574 0.9375 0.996875 0.9375
3 0.4703125 0.00937500000000003 0.0046875000000000016 0.009375 0.004687500000000023 0.37031250000000004 0.4703125 0.3703125000000001
3 0.24062500000000003 0.023437500000000014 0.0031250000000000028 0.0234375 0.003125000000000059 0.9390625 0.2406250000000001 0.9390625
3 1 0.0015625000000000853 0.3953125 0.0015625000000000487 0.3953125 0.2656250000000001 1 0.2656250000000001
1 0.1031250000000001 0.5703125 0.02187500000000007 0.5703125 0.021875000000000096 0.934375 0.10312500000000013 0.934375
1 0.671875 0.02187500000000007 0.4984375 0.02187500000000006 0.4984375 0.2078125000000001 0.671875 0.2078125000000001
3 0.5671875 0.0015625000000000528 0.2953125 0.001562500000000036 0.2953125 0.14218750000000008 0.5671875 0.14218750000000008
4 0.18593750000000003 0.228125 0.003125000000000028 0.228125 0.0031250000000000375 0.3796875 0.18593750000000003 0.3796875
4 0.3984375000000001 0.765625 0.3000000000000001 0.765625 0.3000000000000001 0.903125 0.3984375000000001 0.903125
3 0.25625 0.0015625000000000163 0.0125 0.0015625000000000014 0.012500000000000011 0.17343750000000002 0.25625 0.17343750000000005
3 1 0.15312500000000012 0.7140625 0.1531250000000001 0.7140625 0.48125000000000007 1 0.4812500000000002