4 0.8796875 0.30937500000000007 0.6296875 0.30937500000000007 0.6296875 0.534375 0.8796875 0.5343750000000002
4 0.85625 0.10156250000000008 0.59375 0.10156250000000008 0.59375 0.3453125000000001 0.85625 0.3453125000000001
4 0.71875 0.12500000000000008 0.6046875 0.12500000000000008 0.6046875 0.2171875000000001 0.71875 0.2171875000000001
4 0.7171875 0.2531250000000001 0.5421875 0.2531250000000001 0.5421875 0.44375 0.7171875 0.44375
1 0.3296875000000001 0.5859375 0.21875000000000008 0.5859375 0.21875000000000008 0.6203125 0.3296875000000001 0.6203125
1 0.4640625 0.5953125 0.22812500000000008 0.5953125 0.22812500000000008 0.6375 0.4640625 0.6375
1 0.3265625000000001 0.4953125 0.17031250000000003 0.4953125 0.17031250000000003 0.5296875 0.3265625000000001 0.5296875
1 0.24218750000000008 0.59375 0.08906250000000007 0.59375 0.08906250000000007 0.6296875 0.24218750000000008 0.6296875
1 0.18593750000000014 0.9265625 0.08125000000000011 0.9265625 0.08125000000000011 0.959375 0.18593750000000014 0.959375
4 0.7375 0.4234375000000001 0.6453125 0.4234375 0.6453125 0.5296875000000001 0.7375 0.5296875000000002
4 1 0.2093750000000001 0.9 0.2093750000000001 0.9 0.4625000000000002 1 0.4625000000000002
1 0.7328125 0.13437500000000008 0.496875 0.13437500000000005 0.496875 0.2984375000000001 0.7328125 0.2984375000000001
1 0.6453125 0.4140625 0.4671875 0.4140625 0.4671875 0.4640625 0.6453125 0.4640625
1 0.37187500000000007 0.39531250000000007 0.22812500000000008 0.3953125 0.22812500000000008 0.440625 0.37187500000000007 0.440625
3 0.3734375000000001 0.9140625 0.012500000000000112 0.9140625 0.012500000000000117 1 0.3734375000000001 1
4 0.14375000000000007 0.5 0.08906250000000007 0.5 0.08906250000000007 0.56875 0.1437500000000001 0.56875
1 0.15625000000000006 0.265625 3.2529680602351567e-17 0.265625 4.247993584542381e-17 0.428125 0.15625000000000006 0.428125
1 0.15937500000000007 0.48125 0.004687500000000058 0.48125 0.004687500000000071 0.675 0.1593750000000001 0.675
1 0.209375 0.18593750000000003 0.004687500000000022 0.1859375 0.00468750000000003 0.3109375 0.209375 0.3109375
3 0.3375000000000001 0.7984375 0.0203125000000001 0.7984375 0.020312500000000108 0.9375 0.3375000000000001 0.9375
4 0.428125 0.5234375 0.3812500000000001 0.5234375 0.3812500000000001 0.5828125 0.428125 0.5828125
1 0.07343750000000007 0.5703125 6.984313776387249e-17 0.5703125 7.864528663274409e-17 0.7140625 0.07343750000000009 0.7140625