1 0.5421875 5.922315380251654e-17 0.425 5.204748896376251e-17 0.4250000000000001 0.903125 0.5421875000000002 0.903125
4 0.3390625000000001 0.83125 0.2234375000000001 0.83125 0.2234375000000001 0.90625 0.3390625000000001 0.90625
4 0.2250000000000001 0.8734375 0.1625000000000001 0.8734375 0.1625000000000001 0.90625 0.2250000000000001 0.90625
1 0.4359375 0.6046875 0.0031250000000000735 0.6046875 0.0031250000000000748 0.6203125 0.4359375 0.6203125
1 0.98125 0.33906250000000004 0.007812500000000042 0.3390625 0.007812500000000045 0.37812500000000004 0.98125 0.3781250000000001
2 0.5109375 0.07500000000000007 0.4828125 0.07500000000000007 0.4828125 0.09375000000000007 0.5109375 0.09375000000000007
1 0.9875 0.35781250000000003 0.0031250000000000444 0.3578125 0.0031250000000000505 0.4625000000000001 0.9875 0.4625000000000002
4 0.9125 0.029687500000000106 0.8265625 0.0296875000000001 0.8265625 0.1562500000000001 0.9125 0.15625000000000014
3 1 0.010937500000000093 0.5203125 0.010937500000000063 0.5203125 0.3656250000000001 1 0.3656250000000001
3 0.409375 0.17187500000000003 0.003125000000000021 0.171875 0.003125000000000034 0.38906250000000003 0.409375 0.3890625000000001
1 0.9984375 0.0687500000000001 0.5484375 0.06875000000000006 0.5484375 0.0906250000000001 0.9984375 0.09062500000000014
1 0.540625 0.00937500000000006 0.4625 0.009375000000000055 0.4625 0.3734375000000001 0.540625 0.3734375000000001
1 0.49531250000000016 0.878125 1.0753929705012696e-16 0.878125 1.0907010554906115e-16 0.903125 0.49531250000000016 0.903125