1 0.25625000000000003 0.2359375 0.215625 0.2359375 0.21562500000000004 1 0.2562500000000001 1
2 0.07968750000000002 0.209375 0.007812500000000024 0.209375 0.007812500000000028 0.24375 0.07968750000000002 0.24375
1 0.478125 0.21718750000000003 0.01718750000000003 0.2171875 0.01718750000000003 0.27031250000000007 0.478125 0.27031250000000007
1 0.2859375 0.006250000000000033 0.2453125 0.006250000000000031 0.2453125 0.2578125 0.2859375 0.2578125
1 0.7640625 0.2531250000000001 0.7390625 0.2531250000000001 0.7390625 0.5093750000000001 0.7640625 0.5093750000000001
1 0.7796875 9.261391418551857e-17 0.7328125 8.974364825001696e-17 0.7328125 0.3062500000000001 0.7796875 0.3062500000000001
2 0.24375000000000008 0.390625 0.2250000000000001 0.390625 0.2250000000000001 0.415625 0.24375000000000008 0.415625
1 0.215625 0.2203125 0.014062500000000028 0.2203125 0.01406250000000003 0.2546875 0.215625 0.2546875
1 0.55625 6.343287717458556e-17 0.4796875 5.87447761465996e-17 0.4796875 0.2671875000000001 0.55625 0.2671875000000001
1 0.9109375 0.23593750000000008 0.771875 0.23593750000000008 0.771875 0.4437500000000002 0.9109375 0.4437500000000002
1 0.4984375 0.21875000000000006 0.015625000000000028 0.21875 0.01562500000000005 0.56875 0.4984375 0.56875