4 0.85 0.48750000000000016 0.8140625 0.48750000000000016 0.8140625 0.5156250000000002 0.85 0.5156250000000002
1 0.4687500000000001 0.33125000000000004 0.19062500000000004 0.33125 0.1906250000000001 0.9828125 0.46875000000000017 0.9828125
4 0.684375 0.4359375 0.484375 0.4359375 0.484375 0.475 0.684375 0.475
1 0.8265625 0.009375000000000099 0.7953125 0.009375000000000097 0.7953125 0.2875000000000001 0.8265625 0.2875000000000001
4 0.5546875 0.4484375 0.4859375 0.4484375 0.4859375 0.475 0.5546875 0.475
4 0.8140625 0.2671875000000001 0.778125 0.2671875000000001 0.778125 0.3203125000000001 0.8140625 0.3203125000000001
4 0.66875 0.003125000000000079 0.6265625 0.0031250000000000765 0.6265625 0.1906250000000001 0.66875 0.1906250000000001
4 0.11406250000000004 0.2125 0.0015625000000000263 0.2125 0.0015625000000000385 0.4140625 0.11406250000000004 0.4140625
1 0.6640625 0.3437500000000001 0.60625 0.3437500000000001 0.60625 0.453125 0.6640625 0.453125
3 0.1968750000000001 0.553125 0.10156250000000008 0.553125 0.10156250000000011 0.953125 0.19687500000000013 0.953125
1 0.3359375000000001 0.4453125 0.2593750000000001 0.4453125 0.2593750000000001 0.5453125 0.3359375000000001 0.5453125
4 0.809375 0.028125000000000094 0.746875 0.028125000000000087 0.746875 0.12031250000000009 0.809375 0.12031250000000009
1 0.7765625 0.3515625000000001 0.7109375 0.3515625000000001 0.7109375 0.45781250000000007 0.7765625 0.4578125000000002
4 0.540625 0.009375000000000066 0.51875 0.009375000000000064 0.51875 0.10781250000000005 0.540625 0.10781250000000005
3 0.18593750000000006 0.346875 0.09375000000000004 0.346875 0.09375000000000006 0.584375 0.1859375000000001 0.584375
1 0.33281250000000007 0.684375 0.2843750000000001 0.684375 0.2843750000000001 0.7515625 0.33281250000000007 0.7515625
2 0.4859375 0.05156250000000005 0.415625 0.051562500000000046 0.415625 0.08750000000000005 0.4859375 0.08750000000000006
1 0.653125 0.4765625 0.6015625 0.4765625 0.6015625 0.5546875 0.653125 0.5546875
1 0.3859375000000001 0.4390625 0.3281250000000001 0.4390625 0.3281250000000001 0.540625 0.3859375000000001 0.540625
4 0.2687500000000001 0.4546875 0.2078125000000001 0.4546875 0.2078125000000001 0.5546875 0.2687500000000001 0.5546875
1 0.5953125 0.5 0.546875 0.5 0.546875 0.5515625 0.5953125 0.5515625