1 0.25468750000000007 0.01718750000000003 0.2109375 0.01718750000000003 0.21093750000000006 0.7640625 0.25468750000000007 0.7640625
1 0.7453125 8.96479727188336e-17 0.71875 8.802148868871601e-17 0.71875 0.2875000000000001 0.7453125 0.2875000000000001
2 0.6296875 0.4140625 0.4734375 0.4140625 0.4734375 0.446875 0.6296875 0.446875
1 0.4984375000000001 0.65625 8.036744619404505e-17 0.65625 8.783013762634923e-17 0.778125 0.4984375000000002 0.778125
2 0.7390625 0.004687500000000089 0.71875 0.004687500000000087 0.71875 0.06875000000000009 0.7390625 0.06875000000000009
1 0.2671875000000001 0.75625 9.26139141855186e-17 0.75625 1.0734794598776019e-16 0.996875 0.2671875000000001 0.996875
2 0.2375 0.234375 0.2203125 0.234375 0.2203125 0.2671875 0.2375 0.2671875
1 0.060937500000000054 0.03281250000000001 0.004687500000000004 0.0328125 0.004687500000000061 0.9796875 0.06093750000000011 0.9796875
1 0.4890625 0.0031250000000000583 0.4625 0.003125000000000057 0.4625 0.4578125 0.4890625 0.4578125
1 0.8046875 0.0031250000000000943 0.7390625 0.0031250000000000904 0.7390625 0.4421875000000002 0.8046875 0.4421875000000002
2 0.22656250000000008 0.74375 0.009375000000000092 0.74375 0.009375000000000095 0.784375 0.22656250000000008 0.784375
1 0.465625 0.05625000000000004 0.240625 0.05625000000000002 0.240625 0.08750000000000005 0.465625 0.08750000000000006
3 0.9796875 6.113666442618428e-17 0.01875 2.296212748401287e-18 0.01875000000000001 0.14687500000000006 0.9796875 0.14687500000000014
2 0.5578125 0.4515625 0.5390625 0.4515625 0.5390625 0.49375 0.5578125 0.49375
2 0.5171875 0.27812500000000007 0.4671875 0.27812500000000007 0.4671875 0.43125 0.5171875 0.43125