4 0.6703125 0.07968750000000006 0.40625 0.07968750000000005 0.40625 0.29375000000000007 0.6703125 0.29375000000000007
4 0.5078125 0.35156250000000006 0.23125 0.3515625 0.23125000000000004 0.63125 0.5078125 0.63125
4 0.9734375 0.5687500000000002 0.8890625 0.5687500000000002 0.8890625 0.6328125000000002 0.9734375 0.6328125000000002
4 0.784375 0.5750000000000001 0.6875 0.575 0.6875 0.7156250000000001 0.784375 0.7156250000000002
4 0.18593750000000003 0.4390625 0.14218750000000005 0.4390625 0.14218750000000005 0.4671875 0.18593750000000003 0.4671875
4 0.825 0.9125 0.7890625000000002 0.9125 0.7890625000000002 0.98125 0.825 0.98125
4 0.12031250000000004 0.3375 0.09687500000000004 0.3375 0.09687500000000004 0.36875 0.12031250000000004 0.36875
3 0.9921875 0.6468750000000002 0.7765625 0.6468750000000002 0.7765625 0.9890625 0.9921875 0.9890625
4 0.08281250000000007 0.4625 0.04375000000000005 0.4625 0.04375000000000005 0.4875 0.08281250000000007 0.4875
1 0.5281250000000001 0.5953125 0.32500000000000007 0.5953125 0.32500000000000007 0.9828125 0.5281250000000002 0.9828125
4 0.7843750000000002 0.89375 0.7125000000000001 0.89375 0.7125000000000001 0.99375 0.7843750000000002 0.99375
0 0.3031250000000001 0.5125 0.0031250000000000626 0.5125 0.003125000000000092 0.99375 0.3031250000000001 0.99375
3 0.7015625000000001 0.6296875 0.5359375 0.6296875 0.5359375000000001 0.7734375 0.7015625000000002 0.7734375
4 0.16562500000000008 0.5953125 0.13437500000000008 0.5953125 0.13437500000000008 0.678125 0.16562500000000008 0.678125
1 0.08281250000000008 0.59375 0.001562500000000073 0.59375 0.0015625000000000777 0.675 0.0828125000000001 0.675
1 0.30625 0.15468750000000003 0.215625 0.15468750000000003 0.215625 0.2078125 0.30625 0.2078125
1 0.14843750000000006 0.4 0.11093750000000005 0.4 0.11093750000000005 0.43125 0.14843750000000006 0.43125
4 0.3765625 0.35937500000000006 0.240625 0.359375 0.24062500000000003 0.4890625 0.3765625000000001 0.4890625
2 0.975 0.5593750000000001 0.684375 0.559375 0.684375 0.7203125000000001 0.975 0.7203125000000001
1 0.04843750000000004 0.328125 0.0062500000000000385 0.328125 0.006250000000000042 0.3671875 0.04843750000000004 0.3671875