4 0.65625 0.2531250000000001 0.3875 0.2531250000000001 0.38750000000000007 0.4546875 0.65625 0.4546875
1 0.403125 0.003125000000000047 0.3578125 0.0031250000000000444 0.3578125 0.16875000000000004 0.403125 0.16875000000000004
4 0.5375 0.16562500000000005 0.4640625 0.16562500000000005 0.4640625 0.2515625000000001 0.5375 0.2515625000000001
4 0.51875 0.3125000000000001 0.409375 0.3125000000000001 0.409375 0.44375 0.51875 0.44375
1 0.3687500000000001 0.6015625 0.3156250000000001 0.6015625 0.3156250000000001 1 0.3687500000000001 1
4 0.3531250000000001 0.4328125 0.2750000000000001 0.4328125 0.2750000000000001 0.515625 0.3531250000000001 0.515625
1 0.5609375 0.10937500000000007 0.3953125 0.10937500000000004 0.3953125 0.15156250000000007 0.5609375 0.1515625000000001
2 0.471875 0.12031250000000004 0.3984375 0.12031250000000004 0.3984375 0.15937500000000004 0.471875 0.15937500000000004
1 0.6187500000000001 0.043750000000000074 0.51875 0.04375000000000007 0.51875 0.9890625 0.6187500000000001 0.9890625
4 0.20781250000000004 0.271875 0.06718750000000002 0.271875 0.06718750000000004 0.371875 0.2078125000000001 0.371875
4 0.45 0.19531250000000006 0.4109375 0.19531250000000006 0.4109375 0.2500000000000001 0.45 0.2500000000000001
2 0.5421875 0.7125 0.3734375000000001 0.7125 0.3734375000000001 0.76875 0.5421875000000002 0.76875
4 0.334375 0.284375 0.2828125 0.284375 0.2828125 0.334375 0.334375 0.334375
4 0.2015625000000001 0.4046875 0.11406250000000004 0.4046875 0.11406250000000004 0.5328125 0.2015625000000001 0.5328125
1 0.3187500000000001 0.8984375 0.1296875000000001 0.8984375 0.12968750000000012 0.9640625 0.3187500000000001 0.9640625
4 0.5921875000000001 0.6671875 0.3359375000000001 0.6671875 0.3359375000000001 0.9984375 0.5921875000000002 0.9984375
0 0.7859375 0.4046875000000001 0.5875 0.4046875 0.5875 0.6671875 0.7859375 0.6671875000000002
1 0.32500000000000007 0.8921875 0.30937500000000007 0.8921875 0.30937500000000007 0.9265625 0.32500000000000007 0.9265625
2 0.4031250000000002 0.8375 0.3890625000000001 0.8375 0.3890625000000001 0.875 0.4031250000000002 0.875
1 0.9359375 0.6687500000000001 0.6984375 0.66875 0.6984375 0.7671875000000001 0.9359375 0.7671875000000001
0 0.4109375 0.32343750000000004 0.26875 0.3234375 0.26875 0.35000000000000003 0.4109375 0.3500000000000001
1 0.90625 0.6453125000000001 0.5890625 0.6453125 0.5890625 0.6968750000000001 0.90625 0.6968750000000001
4 0.3546875 0.2046875 0.284375 0.2046875 0.284375 0.2671875 0.3546875 0.2671875
3 0.27187500000000003 0.3453125 0.14531250000000004 0.3453125 0.14531250000000004 0.44375 0.2718750000000001 0.44375
1 0.3796875 0.010937500000000044 0.34375 0.010937500000000041 0.34375 0.28750000000000003 0.3796875 0.2875000000000001
4 0.5578125 0.425 0.50625 0.425 0.50625 0.6078125 0.5578125 0.6078125
1 0.6375 0.30312500000000003 0.2296875 0.303125 0.22968750000000004 0.36562500000000003 0.6375 0.3656250000000001
2 0.19375000000000014 0.9171875 0.13281250000000014 0.9171875 0.13281250000000014 0.95625 0.19375000000000014 0.95625
4 0.2875000000000001 0.60625 0.2453125000000001 0.60625 0.2453125000000001 0.6734375 0.2875000000000001 0.6734375