4 0.8703125 0.06406250000000009 0.4640625 0.06406250000000006 0.4640625 0.659375 0.8703125 0.6593750000000002
1 0.2953125000000001 0.3703125 0.2390625000000001 0.3703125 0.2390625000000001 0.5234375 0.2953125000000001 0.5234375
4 0.7296875 0.06406250000000008 0.615625 0.06406250000000006 0.615625 0.3921875000000001 0.7296875 0.3921875000000001
4 0.5625 0.2750000000000001 0.484375 0.2750000000000001 0.484375 0.3515625000000001 0.5625 0.3515625000000001
4 0.7609375 0.20468750000000008 0.49375 0.20468750000000008 0.49375 0.3671875000000001 0.7609375 0.3671875000000001
1 0.9890625 0.31718750000000007 0.00937500000000004 0.3171875 0.009375000000000045 0.39687500000000003 0.9890625 0.3968750000000001
3 1 0.07812500000000012 0.8359375 0.07812500000000011 0.8359375 0.33281250000000007 1 0.33281250000000007
4 0.728125 0.12031250000000009 0.6265625 0.12031250000000009 0.6265625 0.19531250000000008 0.728125 0.19531250000000008
1 0.590625 0.37968750000000007 0.528125 0.37968750000000007 0.528125 0.5359375 0.590625 0.5359375
2 0.10625000000000004 0.25 0.07031250000000003 0.25 0.07031250000000003 0.3203125 0.10625000000000004 0.3203125
0 0.3296875000000001 0.70625 0.2328125000000001 0.70625 0.2328125000000001 0.9328125 0.3296875000000001 0.9328125
1 0.38125 0.31718750000000007 0.0031250000000000388 0.3171875 0.003125000000000042 0.36250000000000004 0.38125 0.3625000000000001
2 0.4703125 0.5078125 0.3890625000000001 0.5078125 0.3890625000000001 0.553125 0.4703125 0.553125
1 0.465625 0.4 0.3812500000000001 0.4 0.3812500000000001 0.415625 0.465625 0.415625
1 0.4828125 0.39531250000000007 0.3609375000000001 0.3953125 0.3609375000000001 0.43125 0.4828125 0.43125
2 0.16875000000000004 0.3890625 0.12187500000000004 0.3890625 0.12187500000000004 0.403125 0.16875000000000004 0.403125
1 0.984375 0.4906250000000001 0.012500000000000061 0.490625 0.01250000000000007 0.6125 0.984375 0.6125000000000002
0 0.6093750000000001 0.5828125 0.33281250000000007 0.5828125 0.33281250000000007 0.790625 0.6093750000000002 0.790625
4 0.584375 0.11406250000000007 0.4765625 0.11406250000000004 0.4765625 0.21093750000000008 0.584375 0.21093750000000008
1 0.965625 0.8984375 1.1002686086089502e-16 0.8984375 1.1624577038781518e-16 1 0.965625 1
3 0.07656250000000006 0.4859375 5.95101803960667e-17 0.4859375 6.46766590799696e-17 0.5703125 0.07656250000000006 0.5703125
1 0.3375000000000001 0.51875 0.21250000000000008 0.51875 0.21250000000000008 0.5796875 0.3375000000000001 0.5796875
3 0.640625 0.16406250000000006 0.54375 0.16406250000000006 0.54375 0.2796875000000001 0.640625 0.2796875000000001