4 0.6046875 0.20312500000000006 2.487563810768061e-17 0.203125 7.357448348002458e-17 0.9984375 0.6046875000000002 0.9984375
1 0.2640625 0.020312500000000018 0.0171875 0.0203125 0.01718750000000002 0.303125 0.2640625 0.303125
1 0.8953125 0.010937500000000057 0.0125 0.010937500000000003 0.012500000000000022 0.37343750000000003 0.8953125 0.3734375000000001
4 0.259375 0.2171875 0.004687500000000027 0.2171875 0.004687500000000055 0.6890625 0.2593750000000001 0.6890625
4 0.2062500000000001 0.590625 0.015625000000000073 0.590625 0.01562500000000009 0.896875 0.2062500000000001 0.896875
1 0.2734375 0.007812500000000026 0.1671875 0.007812500000000019 0.1671875 0.16875 0.2734375 0.16875000000000004
3 0.9078125 0.35625000000000007 0.465625 0.35625000000000007 0.46562500000000007 0.9890625 0.9078125 0.9890625
4 0.2843750000000001 0.7296875 0.09375000000000008 0.7296875 0.0937500000000001 0.984375 0.2843750000000001 0.984375
1 0.10781250000000002 0.006250000000000007 0.0015625000000000007 0.00625 0.0015625000000000157 0.2515625 0.10781250000000005 0.2515625
4 0.13906250000000006 0.3890625 0.0015625000000000478 0.3890625 0.0015625000000000625 0.628125 0.1390625000000001 0.628125
1 0.04843750000000003 0.15625 0.0015625000000000194 0.15625 0.001562500000000028 0.3 0.048437500000000036 0.3
4 0.51875 0.428125 0.3218750000000001 0.428125 0.3218750000000001 0.6 0.51875 0.6
2 0.7828125 0.4562500000000001 0.7234375 0.45625 0.7234375 0.5609375000000001 0.7828125 0.5609375000000002
1 0.8875 0.0015625000000000714 0.2765625 0.001562500000000034 0.2765625 0.15781250000000008 0.8875 0.15781250000000008
4 0.04687500000000006 0.353125 0.001562500000000043 0.353125 0.0015625000000000586 0.6078125 0.046875000000000076 0.6078125
4 0.3671875000000001 0.36718750000000006 0.2609375000000001 0.3671875 0.2609375000000001 0.4359375 0.3671875000000001 0.4359375
3 0.915625 0.3593750000000001 0.69375 0.3593750000000001 0.69375 0.6921875000000001 0.915625 0.6921875000000002
4 0.09375000000000007 0.240625 2.9468063604483184e-17 0.240625 7.433988772949168e-17 0.9734375 0.09375000000000011 0.9734375
4 0.10625 0.006250000000000007 0.0031250000000000015 0.00625 0.0031250000000000054 0.07812500000000001 0.10625 0.07812500000000003
4 0.08906250000000007 0.46875 0.03593750000000005 0.46875 0.03593750000000006 0.509375 0.08906250000000007 0.509375
4 0.05625000000000002 0.1484375 0.02812500000000002 0.1484375 0.02812500000000002 0.165625 0.05625000000000002 0.165625