1 0.2968750000000001 0.525 0.19531250000000006 0.525 0.19531250000000006 0.90625 0.2968750000000001 0.90625
1 0.6296875 0.15312500000000004 0.015625000000000017 0.153125 0.015625000000000038 0.4796875 0.6296875 0.4796875
1 0.7140625 0.006250000000000084 0.634375 0.0062500000000000775 0.634375 0.2562500000000001 0.7140625 0.2562500000000001
1 0.990625 0.0968750000000001 0.8109375 0.09687500000000009 0.8109375 0.1984375000000001 0.990625 0.19843750000000013
1 0.4875 0.446875 0.45 0.446875 0.45 0.6578125 0.4875 0.6578125
2 0.8546875 0.10156250000000008 0.7859375 0.10156250000000008 0.7859375 0.1671875000000001 0.8546875 0.1671875000000001
2 0.8328125 0.1140625000000001 0.7078125 0.1140625000000001 0.7078125 0.2562500000000001 0.8328125 0.2562500000000001
1 0.9203125 0.1250000000000001 0.8421875 0.12500000000000008 0.8421875 0.2953125000000001 0.9203125 0.2953125000000001
2 0.9265625 0.10156250000000011 0.846875 0.10156250000000008 0.846875 0.14687500000000012 0.9265625 0.14687500000000014
2 0.4578125000000002 0.7703125 0.3781250000000001 0.7703125 0.3781250000000001 0.8921875 0.4578125000000002 0.8921875
1 0.68125 8.075014831877861e-17 0.6375 7.807123344564376e-17 0.6375 0.12656250000000008 0.68125 0.12656250000000008
2 0.10000000000000002 0.146875 0.003125000000000018 0.146875 0.003125000000000021 0.19375 0.10000000000000005 0.19375
2 0.56875 0.18593750000000006 0.46875 0.18593750000000003 0.46875 0.27031250000000007 0.56875 0.27031250000000007
2 0.2296875 0.15156250000000002 0.007812500000000019 0.1515625 0.007812500000000026 0.2828125 0.2296875 0.2828125