4 0.8515625 0.007812500000000052 0.00625 0.0078125 0.006250000000000061 0.9859375 0.8515625 0.9859375
4 0.29375 0.0031250000000000292 0.18125 0.0031250000000000223 0.18125 0.10937500000000003 0.29375 0.10937500000000004
4 0.3265625000000001 0.446875 0.13437500000000005 0.446875 0.13437500000000008 0.621875 0.3265625000000001 0.621875
4 0.8265625 0.00781250000000009 0.6484375 0.00781250000000008 0.6484375 0.24375000000000008 0.8265625 0.24375000000000008
4 0.503125 0.003125000000000056 0.415625 0.0031250000000000513 0.415625 0.10312500000000005 0.503125 0.10312500000000005
4 0.1593750000000001 0.7671875 9.3953371622086e-17 0.7671875 1.0399930239634162e-16 0.93125 0.15937500000000013 0.93125
4 0.4828125 0.18750000000000003 0.12968750000000004 0.1875 0.12968750000000004 0.30312500000000003 0.4828125 0.3031250000000001
4 0.7265625 0.17343750000000005 0.1296875 0.1734375 0.1296875 0.4250000000000001 0.7265625 0.42500000000000016
4 0.3437500000000001 0.7609375 0.11718750000000008 0.7609375 0.11718750000000011 0.925 0.3437500000000001 0.925
4 0.6703125 0.19687500000000008 0.4546875 0.19687500000000005 0.4546875 0.2906250000000001 0.6703125 0.2906250000000001
4 0.19531250000000006 0.19843750000000002 0.12656250000000005 0.1984375 0.12656250000000005 0.3234375 0.19531250000000006 0.3234375
4 0.15000000000000008 0.4984375 0.004687500000000061 0.4984375 0.004687500000000065 0.5671875 0.15000000000000008 0.5671875
3 0.10937500000000003 0.020312500000000004 0.0031250000000000028 0.0203125 0.0031250000000000305 0.475 0.10937500000000004 0.475
1 0.2375000000000001 0.5703125 0.004687500000000069 0.5703125 0.00468750000000008 0.73125 0.2375000000000001 0.73125
4 0.3468750000000001 0.6734375 0.009375000000000083 0.6734375 0.009375000000000088 0.740625 0.3468750000000001 0.740625
4 0.28593750000000007 0.403125 0.12968750000000004 0.403125 0.12968750000000004 0.4359375 0.28593750000000007 0.4359375
4 0.7968750000000001 0.4515625000000001 0.3921875000000001 0.4515625 0.3921875000000001 0.990625 0.7968750000000002 0.990625