4 0.8390625 0.12187500000000007 0.2203125 0.12187500000000004 0.22031250000000005 0.4375000000000001 0.8390625 0.43750000000000017
4 0.8296875 0.55 0.21093750000000008 0.55 0.21093750000000008 0.846875 0.8296875 0.846875
1 0.5578125 0.004687500000000034 5.740531871003218e-19 0.0046875 2.0474563673244815e-17 0.3296875 0.5578125 0.3296875000000001
4 0.16250000000000012 0.865625 0.07031250000000011 0.865625 0.07031250000000011 0.921875 0.16250000000000014 0.921875
3 1 0.015625000000000108 0.75625 0.015625000000000094 0.7562500000000001 0.9296875 1 0.9296875
1 0.6453125 3.970534544110559e-17 0.003125 3.827021247335479e-19 0.0031250000000000054 0.09218750000000005 0.6453125 0.09218750000000009
4 0.29375 0.1375 0.1453125 0.1375 0.1453125 0.184375 0.29375 0.18437500000000004
1 0.99375 0.6062500000000001 0.49375 0.60625 0.49375 0.6937500000000001 0.99375 0.6937500000000002
1 0.3515625 0.10000000000000005 0.3296875 0.10000000000000005 0.3296875 0.16406250000000006 0.3515625 0.16406250000000006
3 0.9953125 0.5203125000000001 0.01718750000000006 0.5203125 0.01718750000000007 0.6187500000000001 0.9953125 0.6187500000000001
4 0.4015625 0.559375 0.1593750000000001 0.559375 0.1593750000000001 0.7203125 0.4015625 0.7203125
1 1 0.10625000000000011 0.853125 0.1062500000000001 0.853125 0.1828125000000001 1 0.18281250000000013
4 0.44218750000000007 0.725 0.1843750000000001 0.725 0.18437500000000012 0.9171875 0.4421875000000002 0.9171875
4 0.203125 0.15156250000000002 0.1546875 0.1515625 0.1546875 0.18125000000000002 0.203125 0.18125000000000005
1 0.50625 0.09375000000000006 0.3359375 0.09375000000000004 0.3359375 0.16875000000000004 0.50625 0.16875000000000004
1 0.2578125000000001 0.5109375 0.05468750000000007 0.5109375 0.05468750000000007 0.5859375 0.2578125000000001 0.5859375
1 0.2250000000000001 0.7578125 0.001562500000000093 0.7578125 0.0015625000000000972 0.8265625 0.2250000000000001 0.8265625
1 0.284375 0.07500000000000002 0.02031250000000001 0.075 0.02031250000000001 0.10625000000000002 0.284375 0.10625000000000004
1 0.2234375000000001 0.678125 0.039062500000000076 0.678125 0.03906250000000008 0.746875 0.2234375000000001 0.746875
1 0.9953125 0.014062500000000111 0.7953125 0.0140625000000001 0.7953125 0.0984375000000001 0.9953125 0.09843750000000011
1 0.2234375000000001 0.5984375 7.328745688647442e-17 0.5984375 7.759285578972683e-17 0.66875 0.2234375000000001 0.66875
1 0.3062500000000001 0.434375 5.319559533796316e-17 0.434375 5.788369636594911e-17 0.5109375 0.3062500000000001 0.5109375