4 0.896875 5.4917754899264124e-17 0 0 6.09453133638175e-17 0.9953125 0.896875 0.9953125
4 0.5484375 0.09062500000000004 0.2078125 0.09062500000000002 0.20781250000000004 0.38281250000000006 0.5484375 0.3828125000000001
1 1 0.05156250000000011 0.6578125 0.05156250000000009 0.6578125 0.4796875000000001 1 0.47968750000000016
4 0.8125 0.009375000000000074 0.4109375 0.00937500000000005 0.4109375 0.34062500000000007 0.8125 0.34062500000000007
4 0.23593750000000005 0.3171875 0.0031250000000000388 0.3171875 0.003125000000000056 0.6 0.23593750000000008 0.6
4 0.23437500000000008 0.515625 0.004687500000000064 0.515625 0.004687500000000078 0.746875 0.23437500000000008 0.746875
4 0.2484375000000001 0.746875 0.004687500000000092 0.746875 0.0046875000000001065 0.9921875 0.2484375000000001 0.9921875
4 0.896875 0.001562500000000092 0.6046875 0.0015625000000000742 0.6046875 0.09218750000000009 0.896875 0.09218750000000012
4 0.17812500000000003 0.003125000000000012 0.00625 0.0031250000000000015 0.006250000000000019 0.3078125 0.17812500000000003 0.3078125
1 0.525 5.13777602454788e-17 0.3140625 3.846156353572156e-17 0.3140625 0.06406250000000005 0.525 0.06406250000000006
3 0.3 0.006250000000000026 0.125 0.006250000000000017 0.12500000000000003 0.334375 0.3 0.334375
1 1 0.028125000000000074 0.1796875 0.02812500000000002 0.1796875 0.07500000000000008 1 0.07500000000000014
1 0.3203125 2.7554552980815448e-17 0.1296875 1.5882138176442238e-17 0.1296875 0.08906250000000003 0.3203125 0.08906250000000004
1 1 0.33906250000000004 0.02031250000000004 0.3390625 0.020312500000000046 0.4593750000000001 1 0.4593750000000002
1 0.4171875 0.07656250000000003 0.16875 0.07656250000000002 0.16875 0.13593750000000002 0.4171875 0.13593750000000004