1 0.859375 0.04218750000000005 0.0031250000000000054 0.0421875 0.003125000000000064 0.9953125 0.859375 0.9953125
1 0.503125 0.10625000000000002 0.08593750000000003 0.10625 0.08593750000000004 0.6 0.503125 0.6
1 0.24375 0.048437500000000015 0.012500000000000006 0.0484375 0.012500000000000022 0.2953125 0.24375 0.2953125
3 1 0.24843750000000003 0.014062500000000028 0.2484375 0.014062500000000039 0.3921875 1 0.3921875000000001
1 0.1453125 0.04531250000000001 0.017187500000000005 0.0453125 0.01718750000000001 0.09062500000000001 0.1453125 0.09062500000000002
1 0.1703125000000001 0.63125 0.09062500000000007 0.63125 0.09062500000000008 0.721875 0.1703125000000001 0.721875
1 0.17343750000000008 0.7390625 0.00468750000000009 0.7390625 0.004687500000000099 0.86875 0.17343750000000008 0.86875
1 1 0.3906250000000001 0.946875 0.3906250000000001 0.946875 0.4437500000000002 1 0.4437500000000002
1 0.2718750000000001 0.809375 0.20468750000000008 0.809375 0.20468750000000008 0.85625 0.2718750000000001 0.85625
1 0.4156250000000002 0.7484375 0.19687500000000008 0.7484375 0.19687500000000008 0.88125 0.4156250000000002 0.88125
1 0.10156250000000008 0.615625 0.046875000000000076 0.615625 0.046875000000000076 0.6375 0.10156250000000008 0.6375
1 0.06875000000000006 0.45 0.009375000000000055 0.45 0.00937500000000006 0.5140625 0.06875000000000006 0.5140625
2 0.06562500000000011 0.9375 0.014062500000000117 0.9375 0.01406250000000012 0.975 0.06562500000000011 0.975
1 0.9205734375000002 0.9557296875000002 0.055989062500000006 0.015625000000000003 -0.02854414984198662 0.0933675062668234 0.8360402251580135 1.0334721937668236