4 0.9984375 6.113666442618428e-17 0 0 6.113666442618428e-17 0.9984375 0.9984375 0.9984375
4 0.3359375000000001 0.5484375 0.010937500000000067 0.5484375 0.010937500000000095 1 0.3359375000000001 1
1 0.9890625 0.0968750000000001 0.725 0.09687500000000009 0.725 0.3421875000000001 0.9890625 0.3421875000000001
4 0.5328125 0.13437500000000005 0.3828125 0.13437500000000005 0.38281250000000006 0.434375 0.5328125 0.434375
1 1 0.3765625000000001 0.84375 0.3765625000000001 0.84375 0.48750000000000016 1 0.48750000000000016
4 0.1453125000000001 0.546875 0.006250000000000066 0.546875 0.006250000000000086 0.871875 0.1453125000000001 0.871875
3 1 0.004687500000000119 0.9359375 0.004687500000000115 0.9359375 0.5437500000000002 1 0.5437500000000002
4 0.5171875 0.16250000000000003 0.4171875 0.16250000000000003 0.4171875 0.2531250000000001 0.5171875 0.2531250000000001
1 0.990625 0.004687500000000096 0.59375 0.004687500000000072 0.59375 0.06406250000000009 0.990625 0.0640625000000001
4 0.5328125 0.001562500000000059 0.4296875 0.0015625000000000528 0.4296875 0.08437500000000006 0.5328125 0.08437500000000006
1 0.7484375 0.3828125000000001 0.61875 0.3828125000000001 0.61875 0.45000000000000007 0.7484375 0.4500000000000002