4 0.7296875 0.5203125000000001 0.3703125000000001 0.5203125 0.3703125000000001 0.840625 0.7296875000000002 0.840625
4 0.9390625 0.5015625000000001 0.54375 0.5015625 0.5437500000000001 0.996875 0.9390625 0.996875
4 0.3609375000000001 0.621875 0.12500000000000008 0.621875 0.12500000000000008 0.8421875 0.3609375000000001 0.8421875
4 0.5015625000000001 0.628125 0.3703125000000001 0.628125 0.3703125000000001 0.7484375 0.5015625000000001 0.7484375
4 0.9359375 0.5031250000000002 0.8625 0.5031250000000002 0.8625 0.6312500000000002 0.9359375 0.6312500000000002
4 0.671875 0.525 0.4578125 0.525 0.4578125 0.6640625 0.671875 0.6640625
4 0.6953125000000002 0.8078125 0.2734375000000001 0.8078125 0.2734375000000001 0.9953125 0.6953125000000002 0.9953125
3 0.4359375000000001 0.6640625 0.0031250000000000817 0.6640625 0.0031250000000001012 0.990625 0.4359375000000002 0.990625
1 0.3109375 0.259375 0.19062500000000004 0.259375 0.19062500000000004 0.3234375 0.3109375 0.3234375
1 0.29375 1.8561053049577072e-17 0.009375 1.1481063742006436e-18 0.009375000000000007 0.11562500000000002 0.29375 0.11562500000000005
4 0.1765625000000001 0.6515625 0.00625000000000008 0.6515625 0.006250000000000086 0.7515625 0.1765625000000001 0.7515625
4 0.2468750000000001 0.75 0.1546875000000001 0.75 0.1546875000000001 0.8359375 0.2468750000000001 0.8359375
1 0.878125 0.007812500000000095 0.6828125 0.007812500000000083 0.6828125 0.12500000000000008 0.878125 0.12500000000000008
4 0.5296875000000002 0.7453125 0.4031250000000002 0.7453125 0.4031250000000002 0.8359375 0.5296875000000002 0.8359375
4 0.13750000000000012 0.8234375 0.0031250000000001012 0.8234375 0.0031250000000001103 0.978125 0.13750000000000012 0.978125
4 0.1531250000000001 0.7359375 0.0031250000000000904 0.7359375 0.0031250000000001 0.8953125 0.1531250000000001 0.8953125