2 0.9984375 0.025000000000000123 0.98125 0.025000000000000123 0.98125 0.02656250000000012 0.9984375 0.02656250000000012
1 0.4375 0.4078125 0.00468750000000005 0.4078125 0.004687500000000061 0.60625 0.4375 0.60625
4 0.51875 0.18906250000000005 0.4671875 0.18906250000000005 0.4671875 0.2296875000000001 0.51875 0.2296875000000001
1 0.9921875 0.09218750000000006 0.0015625000000000111 0.0921875 0.0015625000000000667 1 0.9921875 1
4 0.1640625000000001 0.7015625 0.006250000000000086 0.7015625 0.006250000000000103 0.98125 0.16406250000000014 0.98125
4 0.3000000000000001 0.7296875 0.2375000000000001 0.7296875 0.2375000000000001 0.7859375 0.3000000000000001 0.7859375
4 0.9875 0.3906250000000001 0.9296875 0.3906250000000001 0.9296875 0.4500000000000002 0.9875 0.4500000000000002
1 0.728125 0.12031250000000007 0.353125 0.12031250000000004 0.353125 0.4828125000000001 0.728125 0.4828125000000002
3 0.5359375000000002 0.86875 0.15625000000000008 0.86875 0.1562500000000001 0.996875 0.5359375000000002 0.996875
3 0.9734375 0.29375000000000007 0.006250000000000036 0.29375 0.006250000000000043 0.39843750000000006 0.9734375 0.3984375000000001
1 0.24375000000000005 0.321875 0.09843750000000004 0.321875 0.09843750000000004 0.3859375 0.24375000000000008 0.3859375
1 0.3984375000000001 0.7953125 0.27031250000000007 0.7953125 0.27031250000000007 0.8546875 0.3984375000000001 0.8546875
1 0.5625 0.2609375000000001 0.428125 0.2609375000000001 0.428125 0.3203125000000001 0.5625 0.3203125000000001
1 0.9875 0.1968750000000001 0.8390625 0.19687500000000008 0.8390625 0.26250000000000007 0.9875 0.26250000000000007
1 0.4265625 0.26250000000000007 0.2921875 0.2625 0.2921875 0.32031250000000006 0.4265625 0.3203125000000001
1 0.3046875000000001 0.4390625 0.16093750000000004 0.4390625 0.16093750000000004 0.50625 0.3046875000000001 0.50625
1 0.11250000000000004 0.190625 2.3344829608746423e-17 0.190625 2.7076175324898514e-17 0.2515625 0.11250000000000004 0.2515625
1 0.4937500000000002 0.79375 0.3890625000000001 0.79375 0.3890625000000001 0.853125 0.4937500000000002 0.853125
1 0.4109375000000002 0.7375 0.2921875000000001 0.7375 0.2921875000000001 0.796875 0.4109375000000002 0.796875
1 0.7046875 0.1906250000000001 0.553125 0.1906250000000001 0.553125 0.25468750000000007 0.7046875 0.25468750000000007
1 0.3765625 0.31718750000000007 0.234375 0.3171875 0.23437500000000006 0.38281250000000006 0.3765625000000001 0.3828125000000001
1 0.13281250000000006 0.2546875 0.0031250000000000305 0.2546875 0.003125000000000035 0.3125 0.13281250000000006 0.3125
1 0.48750000000000016 0.753125 0.3968750000000001 0.753125 0.3968750000000001 0.80625 0.48750000000000016 0.80625
4 0.2406250000000001 0.859375 0.1468750000000001 0.859375 0.14687500000000012 0.934375 0.2406250000000001 0.934375
1 0.10000000000000005 0.31875 3.903561672282188e-17 0.31875 4.247993584542381e-17 0.375 0.10000000000000005 0.375
1 0.5062500000000001 0.684375 0.3156250000000001 0.684375 0.3156250000000001 0.7515625 0.5062500000000002 0.7515625
1 0.13437500000000002 0.125 1.5308084989341915e-17 0.125 1.932645729904417e-17 0.190625 0.13437500000000005 0.190625
1 0.828125 0.1296875000000001 0.7015625 0.1296875000000001 0.7015625 0.1937500000000001 0.828125 0.1937500000000001
1 0.834375 0.19687500000000008 0.70625 0.19687500000000008 0.70625 0.2593750000000001 0.834375 0.2593750000000001
4 0.12812500000000007 0.5359375 0.006250000000000066 0.5359375 0.006250000000000071 0.6046875 0.1281250000000001 0.6046875
1 0.41875 0.19531250000000006 0.259375 0.19531250000000006 0.259375 0.25625000000000003 0.41875 0.2562500000000001
1 0.28125 0.259375 0.13281250000000006 0.259375 0.13281250000000006 0.3171875 0.28125 0.3171875
1 0.4437500000000002 0.8484375 0.35625000000000007 0.8484375 0.35625000000000007 0.9 0.4437500000000002 0.9
1 0.9984375 0.2671875000000001 0.8703125 0.2671875000000001 0.8703125 0.33281250000000007 0.9984375 0.33281250000000007
1 0.14375000000000007 0.4875 0.006250000000000061 0.4875 0.006250000000000065 0.5609375 0.1437500000000001 0.5609375
1 0.325 0.12812500000000004 0.2515625 0.12812500000000004 0.2515625 0.19375000000000003 0.325 0.19375000000000003
1 0.415625 0.4421875 0.27812500000000007 0.4421875 0.27812500000000007 0.50625 0.415625 0.50625
1 0.12031250000000004 0.38125 0.0015625000000000465 0.38125 0.0015625000000000504 0.440625 0.12031250000000004 0.440625
1 0.421875 0.3921875 0.27031250000000007 0.3921875 0.27031250000000007 0.4484375 0.421875 0.4484375
1 0.25625 0.18906250000000002 0.11562500000000005 0.1890625 0.11562500000000005 0.25 0.25625 0.25
1 0.9890625 0.1343750000000001 0.834375 0.13437500000000008 0.834375 0.1968750000000001 0.9890625 0.19687500000000013
1 0.2671875000000001 0.3859375 0.12343750000000005 0.3859375 0.12343750000000005 0.440625 0.2671875000000001 0.440625
3 0.99375 0.09062500000000005 0.00781250000000001 0.090625 0.007812500000000014 0.13593750000000007 0.99375 0.13593750000000013
1 0.3859375000000001 0.840625 0.28593750000000007 0.840625 0.28593750000000007 0.8953125 0.3859375000000001 0.8953125
1 0.9953125 0.46406250000000016 0.8796875 0.46406250000000016 0.8796875 0.5203125000000002 0.9953125 0.5203125000000002
1 0.2078125 0.1296875 0.128125 0.1296875 0.12812500000000002 0.19062500000000002 0.2078125 0.19062500000000004
1 0.671875 0.13125000000000006 0.5078125 0.13125000000000003 0.5078125 0.19375000000000006 0.671875 0.1937500000000001
1 0.4328125 0.09218750000000005 0.28125 0.09218750000000005 0.28125 0.12500000000000006 0.4328125 0.12500000000000006
1 0.2500000000000001 0.9390625 0.14375000000000013 0.9390625 0.14375000000000013 0.99375 0.2500000000000001 0.99375
1 0.12656250000000008 0.6 0.0046875000000000736 0.6 0.004687500000000077 0.659375 0.12656250000000008 0.659375
4 0.2156250000000001 0.5484375 0.07031250000000007 0.5484375 0.07031250000000007 0.60625 0.2156250000000001 0.60625
1 0.5109375 0.12968750000000004 0.3515625 0.12968750000000004 0.3515625 0.19218750000000004 0.5109375 0.19218750000000004
1 0.3062500000000001 0.671875 0.18906250000000008 0.671875 0.18906250000000008 0.7296875 0.3062500000000001 0.7296875