4 0.1390625000000001 0.5796875 7.099124413807313e-17 0.5796875 8.352473872309682e-17 0.784375 0.1390625000000001 0.784375
1 0.996875 0.4484375000000001 0.0015625000000000547 0.4484375 0.0015625000000000825 0.903125 0.996875 0.903125
4 0.996875 0.1734375000000001 0.815625 0.17343750000000008 0.815625 0.46406250000000016 0.996875 0.46406250000000016
4 0.3218750000000001 0.725 0.2375000000000001 0.725 0.2375000000000001 0.8875 0.3218750000000001 0.8875
1 0.996875 0.5609375000000002 0.91875 0.5609375000000002 0.91875 0.6437500000000002 0.996875 0.6437500000000002
3 0.11718750000000008 0.7578125 9.280526524788537e-17 0.7578125 1.0151173858557357e-16 0.9 0.11718750000000008 0.9
1 0.2250000000000001 0.740625 0.05937500000000009 0.740625 0.0593750000000001 0.896875 0.2250000000000001 0.896875
4 0.5437500000000001 0.540625 0.3750000000000001 0.540625 0.3750000000000001 0.7296875 0.5437500000000002 0.7296875
1 0.8171875 0.5578125000000002 0.74375 0.5578125000000002 0.74375 0.6187500000000001 0.8171875 0.6187500000000001
1 0.44375 0.6609375 0.3937500000000001 0.6609375 0.3937500000000001 0.725 0.44375 0.725
4 0.8953125 0.40625000000000017 0.83125 0.40625000000000017 0.83125 0.46406250000000016 0.8953125 0.46406250000000016
1 0.859375 0.4671875000000002 0.7984375 0.4671875000000002 0.7984375 0.5687500000000002 0.859375 0.5687500000000002