4 0.9984375 0.07656250000000009 0.2875 0.07656250000000005 0.28750000000000003 0.8359375 0.9984375 0.8359375
4 0.5156250000000001 0.09062500000000004 0.2109375 0.09062500000000002 0.21093750000000006 0.996875 0.5156250000000002 0.996875
1 0.478125 0.07500000000000005 0.3390625 0.07500000000000004 0.3390625 0.27187500000000003 0.478125 0.2718750000000001
1 0.36406250000000007 0.81875 0.22812500000000008 0.81875 0.22812500000000008 0.9890625 0.36406250000000007 0.9890625
1 0.9484375 0.11406250000000011 0.825 0.1140625000000001 0.825 0.2765625000000001 0.9484375 0.2765625000000001
1 0.4859375 0.3671875000000001 0.3984375000000001 0.3671875000000001 0.3984375000000001 0.515625 0.4859375 0.515625
1 0.1781250000000001 0.61875 0.14843750000000008 0.61875 0.14843750000000008 0.66875 0.1781250000000001 0.66875
1 0.7625 0.3296875000000001 0.6765625 0.3296875000000001 0.6765625 0.37968750000000007 0.7625 0.37968750000000007
1 0.5375 0.3062500000000001 0.4640625 0.3062500000000001 0.4640625 0.465625 0.5375 0.465625
3 0.18281250000000002 0.07187500000000001 8.802148868871602e-18 0.071875 3.243400507116818e-17 0.4578125 0.18281250000000004 0.4578125
4 0.2609375 0.07187500000000002 0.1890625 0.07187500000000002 0.18906250000000002 0.19687500000000005 0.2609375 0.19687500000000005
1 0.8375 0.34062500000000007 0.80625 0.34062500000000007 0.80625 0.3656250000000001 0.8375 0.3656250000000001
4 0.09843750000000012 0.9296875 0.010937500000000114 0.9296875 0.010937500000000117 1 0.09843750000000014 1
4 0.3281250000000001 0.38125 0.2734375000000001 0.38125 0.2734375000000001 0.44375 0.3281250000000001 0.44375
1 0.8296875 0.1296875000000001 0.7203125 0.1296875000000001 0.7203125 0.2375000000000001 0.8296875 0.2375000000000001
1 0.634375 0.17968750000000008 0.5546875 0.17968750000000008 0.5546875 0.4359375 0.634375 0.4359375
4 0.409375 0.21093750000000008 0.3765625 0.21093750000000008 0.3765625 0.25468750000000007 0.409375 0.25468750000000007
4 0.703125 0.07500000000000008 0.615625 0.07500000000000007 0.615625 0.2578125000000001 0.703125 0.2578125000000001
1 0.1453125 0.07812500000000001 0.010937500000000008 0.078125 0.010937500000000017 0.209375 0.14531250000000004 0.209375
2 0.521875 0.30937500000000007 0.46875 0.30937500000000007 0.46875 0.3750000000000001 0.521875 0.3750000000000001
1 0.2625 0.08593750000000003 0.234375 0.08593750000000003 0.234375 0.12812500000000004 0.2625 0.12812500000000004