4 0.5921875000000001 0.10468750000000004 0.039062500000000014 0.1046875 0.039062500000000056 0.8578125 0.5921875000000002 0.8578125
0 0.996875 0.09218750000000006 0.003125000000000011 0.0921875 0.0031250000000000665 0.9953125 0.996875 0.9953125
3 0.21562500000000004 0.09687500000000002 0.0015625000000000118 0.096875 0.0015625000000000651 0.9703125 0.2156250000000001 0.9703125
3 0.99375 0.09843750000000008 0.421875 0.09843750000000004 0.421875 0.4531250000000001 0.99375 0.45312500000000017
4 0.36875 0.22968750000000004 0.11875000000000005 0.2296875 0.11875000000000005 0.5078125 0.3687500000000001 0.5078125
4 0.3453125 0.09687500000000003 0.14375 0.09687500000000002 0.14375000000000002 0.2609375 0.3453125 0.2609375
1 0.678125 0.1281250000000001 0.58125 0.1281250000000001 0.58125 0.2515625000000001 0.678125 0.2515625000000001
1 0.4671875 0.12656250000000005 0.3734375 0.12656250000000005 0.3734375 0.21250000000000008 0.4671875 0.21250000000000008
1 0.584375 0.13437500000000008 0.484375 0.13437500000000005 0.484375 0.23593750000000008 0.584375 0.23593750000000008
1 0.6359375 0.27031250000000007 0.5296875 0.27031250000000007 0.5296875 0.3750000000000001 0.6359375 0.3750000000000001
3 0.17343750000000002 0.09843750000000001 0.004687500000000013 0.0984375 0.00468750000000003 0.3828125 0.17343750000000005 0.3828125
4 0.528125 0.10156250000000004 0.3453125 0.10156250000000004 0.3453125 0.33437500000000003 0.528125 0.3343750000000001
4 0.9953125 0.11250000000000011 0.8890625 0.11250000000000009 0.8890625 0.2828125000000001 0.9953125 0.2828125000000001
1 0.84375 0.1312500000000001 0.6859375 0.1312500000000001 0.6859375 0.2609375000000001 0.84375 0.2609375000000001
1 0.703125 0.29375000000000007 0.6234375 0.29375000000000007 0.6234375 0.3812500000000001 0.703125 0.3812500000000001
4 0.2609375000000001 0.428125 0.07812500000000004 0.428125 0.07812500000000006 0.51875 0.2609375000000001 0.51875
1 0.3156250000000001 0.9328125 0.20312500000000008 0.9328125 0.20312500000000008 1 0.3156250000000001 1
1 0.9796875 0.12343750000000013 0.921875 0.12343750000000013 0.921875 0.19531250000000014 0.9796875 0.19531250000000014
4 0.69375 0.3453125000000001 0.4515625 0.3453125000000001 0.4515625 0.4296875 0.69375 0.4296875
4 0.575 0.37968750000000007 0.4703125 0.37968750000000007 0.4703125 0.4640625 0.575 0.4640625
4 0.7734375 0.17343750000000008 0.640625 0.17343750000000008 0.640625 0.27031250000000007 0.7734375 0.27031250000000007