4 0.996875 0.1781250000000001 0.2953125 0.17812500000000003 0.29531250000000003 0.7875000000000001 0.996875 0.7875000000000002
2 0.33281250000000007 0.3421875 0.0015625000000000417 0.3421875 0.0015625000000000736 0.859375 0.33281250000000007 0.859375
4 0.66875 0.11093750000000006 0.48125 0.11093750000000005 0.48125 0.18593750000000006 0.66875 0.1859375000000001
2 0.37031250000000004 0.17031250000000003 0.003125000000000021 0.1703125 0.0031250000000000353 0.4046875 0.3703125000000001 0.4046875
4 1 1.0820902576841066e-16 0.7671875 9.3953371622086e-17 0.7671875 0.09687500000000011 1 0.09687500000000013
4 0.640625 6.448530801760282e-17 0.4125 5.051668046482832e-17 0.4125 0.12812500000000007 0.640625 0.1281250000000001
4 0.784375 0.2250000000000001 0.5921875 0.2250000000000001 0.5921875 0.4515625000000001 0.784375 0.4515625000000002
4 0.1359375 0.0015625000000000088 0.003125 0.0015625000000000007 0.003125000000000007 0.1109375 0.1359375 0.1109375
4 0.4765625 0.09687500000000004 0.2125 0.09687500000000002 0.2125 0.21093750000000006 0.4765625 0.21093750000000008
4 0.9625 0.1500000000000001 0.7640625 0.15000000000000008 0.7640625 0.27031250000000007 0.9625 0.27031250000000007
4 1 0.05937500000000012 0.8640625 0.05937500000000011 0.8640625 0.17031250000000012 1 0.17031250000000014
4 0.7734375 8.582095147149811e-17 0.628125 7.692312707144312e-17 0.628125 0.1140625000000001 0.7734375 0.1140625000000001
4 0.86875 0.0906250000000001 0.66875 0.0906250000000001 0.66875 0.1750000000000001 0.86875 0.1750000000000001
4 1 0.2687500000000001 0.8859375 0.2687500000000001 0.8859375 0.3578125000000001 1 0.3578125000000001
4 0.3859375000000001 0.37968750000000007 0.2234375000000001 0.3796875 0.2234375000000001 0.5546875 0.3859375000000001 0.5546875
4 0.4046875 3.262535613353495e-17 0.128125 1.5690787114075464e-17 0.128125 0.11093750000000002 0.4046875 0.11093750000000005
4 0.575 0.2796875000000001 0.428125 0.2796875000000001 0.428125 0.4203125 0.575 0.4203125
4 0.8859375 0.2609375000000001 0.7265625 0.2609375000000001 0.7265625 0.3546875000000001 0.8859375 0.3546875000000001
4 0.23125 0.0921875 0.017187500000000012 0.0921875 0.017187500000000015 0.18750000000000003 0.23125 0.18750000000000006
4 0.7640625 0.2156250000000001 0.634375 0.2156250000000001 0.634375 0.3187500000000001 0.7640625 0.3187500000000001
4 0.6265625 0.28593750000000007 0.49375 0.28593750000000007 0.49375 0.35625000000000007 0.6265625 0.35625000000000007
4 0.5171875000000001 0.80625 0.3281250000000001 0.80625 0.3281250000000001 0.8953125 0.5171875000000001 0.8953125
1 0.18750000000000006 0.378125 4.63069570927593e-17 0.378125 6.075396230145073e-17 0.6140625 0.18750000000000008 0.6140625
1 0.503125 0.01562500000000006 0.440625 0.015625000000000056 0.440625 0.05937500000000005 0.503125 0.05937500000000007
4 0.10781250000000005 0.3078125 0.0031250000000000375 0.3078125 0.0031250000000000422 0.390625 0.10781250000000005 0.390625