4 0.959375 0.2000000000000001 0.628125 0.2000000000000001 0.628125 0.865625 0.959375 0.865625
1 0.996875 6.486801014233637e-17 0.0625 7.654042494670958e-18 0.06250000000000006 0.996875 0.996875 0.996875
4 0.78125 0.0031250000000000886 0.665625 0.0031250000000000817 0.665625 0.10000000000000009 0.78125 0.10000000000000009
4 0.8890625 0.22656250000000008 0.746875 0.22656250000000008 0.746875 0.3890625000000001 0.8890625 0.3890625000000001
3 0.27343750000000006 0.020312500000000018 0.0640625 0.020312500000000004 0.06406250000000005 0.96875 0.2734375000000001 0.96875
4 0.79375 0.2140625000000001 0.6390625 0.2140625000000001 0.6390625 0.3921875000000001 0.79375 0.3921875000000001
3 0.43125 0.321875 0.12187500000000004 0.321875 0.12187500000000007 0.6671875 0.43125 0.6671875
3 0.6546875 0.006250000000000068 0.4484375 0.006250000000000056 0.4484375 0.403125 0.6546875 0.403125
4 0.96875 0.2921875000000001 0.8609375 0.2921875000000001 0.8609375 0.3968750000000001 0.96875 0.3968750000000001
3 0.8328125 0.006250000000000089 0.6109375 0.006250000000000075 0.6109375 0.2484375000000001 0.8328125 0.2484375000000001
1 0.1984375 0.017187500000000015 0.0609375 0.017187500000000005 0.0609375 0.08750000000000001 0.1984375 0.08750000000000002
4 0.9046875 0.0015625000000001072 0.8421875 0.0015625000000001033 0.8421875 0.06093750000000011 0.9046875 0.06093750000000011
1 0.340625 0.03593750000000004 0.25 0.03593750000000003 0.25 0.09218750000000003 0.340625 0.09218750000000005
4 0.9375 0.20468750000000008 0.8625 0.20468750000000008 0.8625 0.2875000000000001 0.9375 0.2875000000000001
4 0.5281250000000002 0.884375 0.42500000000000016 0.884375 0.42500000000000016 0.996875 0.5281250000000002 0.996875
4 0.37968750000000007 0.33125000000000004 0.3 0.33125 0.30000000000000004 0.46875 0.37968750000000007 0.46875
4 0.1296875000000001 0.6 0.06093750000000007 0.6 0.060937500000000075 0.8125 0.1296875000000001 0.8125
4 0.946875 0.3859375000000001 0.875 0.3859375000000001 0.875 0.5078125000000002 0.946875 0.5078125000000002
4 0.5625 0.009375000000000064 0.475 0.009375000000000059 0.475 0.13281250000000006 0.5625 0.13281250000000008
1 0.9796875 0.40156250000000016 0.93125 0.40156250000000016 0.93125 0.4984375000000002 0.9796875 0.4984375000000002
4 0.8953125 0.06875000000000012 0.8453125 0.06875000000000012 0.8453125 0.1218750000000001 0.8953125 0.1218750000000001
1 1 0.07187500000000012 0.9578125 0.0718750000000001 0.9578125 0.22031250000000008 1 0.22031250000000008
1 0.3984375000000001 0.9 0.3046875000000001 0.9 0.3046875000000001 0.9984375 0.3984375000000001 0.9984375
4 0.5015625 0.10156250000000004 0.4203125 0.10156250000000004 0.4203125 0.19218750000000004 0.5015625 0.19218750000000004
4 0.17656250000000007 0.4078125 0.08125000000000004 0.4078125 0.08125000000000006 0.5875 0.1765625000000001 0.5875
1 0.4437500000000002 0.765625 0.3625000000000001 0.765625 0.3625000000000001 0.9046875 0.4437500000000002 0.9046875
4 0.634375 0.05156250000000007 0.5625 0.05156250000000007 0.5625 0.18125000000000008 0.634375 0.18125000000000008
4 0.2640625 0.029687500000000026 0.1515625 0.029687500000000023 0.1515625 0.17968750000000003 0.2640625 0.17968750000000006
1 0.3765625000000001 0.78125 0.3187500000000001 0.78125 0.3187500000000001 0.85625 0.3765625000000001 0.85625
1 0.303125 0.18750000000000006 0.228125 0.18750000000000006 0.228125 0.353125 0.303125 0.353125
4 0.965625 0.003125000000000113 0.884375 0.003125000000000108 0.884375 0.0718750000000001 0.965625 0.0718750000000001
4 0.6171875 0.0015625000000000719 0.5546875 0.001562500000000068 0.5546875 0.06250000000000007 0.6171875 0.06250000000000007
1 0.5015625000000001 0.8734375 0.41406250000000017 0.8734375 0.41406250000000017 0.921875 0.5015625000000001 0.921875
1 0.37968750000000007 0.30312500000000003 0.3390625 0.303125 0.33906250000000004 0.38750000000000007 0.37968750000000007 0.38750000000000007
1 0.31718750000000007 0.3359375 0.2265625 0.3359375 0.22656250000000006 0.4609375 0.31718750000000007 0.4609375
1 0.85625 0.001562500000000102 0.8078125 0.0015625000000000992 0.8078125 0.0609375000000001 0.85625 0.06093750000000011
4 0.7078125 0.06250000000000008 0.6625 0.06250000000000008 0.6625 0.10000000000000009 0.7078125 0.10000000000000009
1 0.153125 0.05156250000000001 0.06875 0.0515625 0.06875 0.1671875 0.153125 0.1671875
4 0.553125 0.3734375000000001 0.4953125 0.3734375000000001 0.4953125 0.5046875 0.553125 0.5046875
1 0.13125000000000012 0.7953125 0.07031250000000008 0.7953125 0.0703125000000001 0.9125 0.13125000000000014 0.9125
4 0.9390625 0.057812500000000114 0.8890625 0.057812500000000114 0.8890625 0.1343750000000001 0.9390625 0.13437500000000013
1 0.16562500000000002 0.165625 0.06406250000000002 0.165625 0.06406250000000004 0.3953125 0.16562500000000005 0.3953125
4 0.5140625 0.2093750000000001 0.44375 0.2093750000000001 0.44375 0.3609375000000001 0.5140625 0.3609375000000001
4 0.4921875 5.606586127346476e-17 0.4234375 5.1856137901395736e-17 0.4234375 0.10625000000000004 0.4921875 0.10625000000000004
4 0.12343750000000012 0.90625 0.06250000000000011 0.90625 0.06250000000000012 0.9984375 0.12343750000000013 0.9984375
1 0.6625 0.004687500000000078 0.615625 0.004687500000000075 0.615625 0.06718750000000008 0.6625 0.0671875000000001
4 0.8203125 0.0031250000000000965 0.75625 0.003125000000000093 0.75625 0.12656250000000008 0.8203125 0.12656250000000008
1 0.23750000000000004 0.23125 0.16250000000000003 0.23125 0.16250000000000003 0.384375 0.2375000000000001 0.384375