4 0.871875 0.04531250000000007 0.203125 0.04531250000000002 0.20312500000000006 0.36406250000000007 0.871875 0.36406250000000007
1 0.9984375 6.113666442618428e-17 0 0 5.73096431788488e-17 0.9359375 0.9984375 0.9359375
4 0.10156250000000004 0.225 0.003125000000000028 0.225 0.003125000000000035 0.3390625 0.10156250000000004 0.3390625
4 0.421875 0.06093750000000003 0.209375 0.06093750000000002 0.209375 0.29531250000000003 0.421875 0.2953125000000001
4 0.996875 0.003125000000000118 0.9265625 0.003125000000000114 0.9265625 0.06562500000000011 0.996875 0.06562500000000011
4 0.86875 0.0484375000000001 0.7046875 0.04843750000000009 0.7046875 0.2000000000000001 0.86875 0.2000000000000001
4 0.1265625 0.1 0.004687500000000013 0.1 0.004687500000000016 0.1640625 0.1265625 0.1640625
1 0.14375000000000002 0.15625 0.06562500000000002 0.15625 0.06562500000000002 0.2 0.14375000000000004 0.2
4 0.865625 0.001562500000000103 0.815625 0.0015625000000000998 0.815625 0.0515625000000001 0.865625 0.05156250000000011
4 0.5453125 0.11875000000000006 0.4015625 0.11875000000000005 0.4015625 0.2687500000000001 0.5453125 0.2687500000000001
1 0.3828125000000001 0.37343750000000003 0.009375000000000045 0.3734375 0.009375000000000059 0.5953125 0.3828125000000001 0.5953125
4 0.2890625 0.06562500000000003 0.2046875 0.06562500000000002 0.2046875 0.13906250000000003 0.2890625 0.13906250000000003
1 0.057812500000000024 0.1484375 0.001562500000000018 0.1484375 0.001562500000000021 0.19375 0.057812500000000024 0.19375
1 0.2046875 0.2765625 0.08437500000000005 0.2765625 0.08437500000000005 0.340625 0.2046875 0.340625
4 0.3984375 0.0015625000000000458 0.353125 0.001562500000000043 0.353125 0.026562500000000044 0.3984375 0.026562500000000044
1 0.978125 0.12187500000000011 0.8671875 0.1218750000000001 0.8671875 0.19218750000000012 0.978125 0.19218750000000012
4 0.7953125 0.0015625000000000938 0.7390625 0.0015625000000000903 0.7390625 0.0312500000000001 0.7953125 0.0312500000000001
1 0.06875000000000005 0.3421875 0.0015625000000000417 0.3421875 0.0015625000000000448 0.39375 0.06875000000000005 0.39375
4 0.19531250000000006 0.5046875 0.10156250000000004 0.5046875 0.10156250000000007 0.5890625 0.19531250000000008 0.5890625
1 0.9859375 0.06093750000000011 0.8328125 0.06093750000000011 0.8328125 0.1359375000000001 0.9859375 0.13593750000000013
4 0.09218750000000009 0.64375 0.001562500000000079 0.64375 0.0015625000000000853 0.746875 0.09218750000000009 0.746875
4 0.06718750000000001 0.0421875 0.015625000000000007 0.0421875 0.015625000000000007 0.1125 0.06718750000000002 0.1125
4 0.4703125 0.63125 0.3312500000000001 0.63125 0.3312500000000001 0.7046875 0.4703125 0.7046875
1 0.1375 0.06562500000000002 0.046875000000000014 0.065625 0.046875000000000014 0.1125 0.1375 0.1125
1 0.3703125000000001 0.37031250000000004 0.17500000000000004 0.3703125 0.17500000000000004 0.4359375 0.3703125000000001 0.4359375
1 0.2171875 0.11562500000000002 0.115625 0.115625 0.115625 0.16562500000000002 0.2171875 0.16562500000000005
1 0.22187500000000004 0.328125 0.08437500000000005 0.328125 0.08437500000000005 0.38125 0.2218750000000001 0.38125
1 0.2171875 0.24375 0.11250000000000004 0.24375 0.11250000000000004 0.290625 0.2171875 0.290625
1 0.20625 0.17968750000000003 0.1234375 0.1796875 0.12343750000000002 0.2421875 0.20625 0.2421875
4 0.38125 0.051562500000000046 0.2953125 0.051562500000000046 0.2953125 0.13125000000000003 0.38125 0.13125000000000003
1 0.240625 0.05312500000000002 0.1484375 0.05312500000000002 0.1484375 0.08281250000000002 0.240625 0.08281250000000002
1 0.221875 0.07968750000000002 0.1328125 0.07968750000000002 0.1328125 0.13281250000000003 0.221875 0.13281250000000006
4 0.640625 0.09687500000000007 0.578125 0.09687500000000007 0.578125 0.15625000000000008 0.640625 0.15625000000000008
1 0.3546875000000001 0.709375 0.1828125000000001 0.709375 0.1828125000000001 0.7765625 0.3546875000000001 0.7765625
1 0.2109375 0.004687500000000018 0.075 0.004687500000000009 0.075 0.04218750000000002 0.2109375 0.042187500000000024
1 0.6046875 0.06562500000000007 0.5265625 0.06562500000000007 0.5265625 0.10468750000000007 0.6046875 0.10468750000000009
4 0.5875 0.09218750000000006 0.5125 0.09218750000000006 0.5125 0.15156250000000007 0.5875 0.1515625000000001
1 0.10468750000000007 0.5171875 0.003125000000000064 0.5171875 0.0031250000000000674 0.578125 0.10468750000000009 0.578125
1 0.5125 0.060937500000000054 0.3859375 0.06093750000000005 0.3859375 0.12343750000000005 0.5125 0.12343750000000005
4 0.08437500000000002 0.103125 0.03750000000000001 0.103125 0.03750000000000002 0.2015625 0.08437500000000002 0.2015625
4 0.465625 0.39531250000000007 0.3656250000000001 0.39531250000000007 0.3656250000000001 0.4484375 0.465625 0.4484375
1 0.95 0.02968750000000011 0.8734375 0.02968750000000011 0.8734375 0.06718750000000011 0.95 0.06718750000000011
1 0.29375 0.026562500000000027 0.20625 0.026562500000000024 0.20625 0.06406250000000004 0.29375 0.06406250000000005
1 0.4640625000000001 0.69375 0.3343750000000001 0.69375 0.3343750000000001 0.7765625 0.46406250000000016 0.7765625
1 0.12187500000000004 0.19375 0.0015625000000000235 0.19375 0.0015625000000000268 0.24375 0.12187500000000004 0.24375
1 0.18906250000000008 0.7015625 0.07968750000000009 0.7015625 0.07968750000000009 0.775 0.18906250000000008 0.775
4 0.18125000000000005 0.3734375 0.050000000000000044 0.3734375 0.050000000000000044 0.4359375 0.18125000000000005 0.4359375
1 0.17968750000000008 0.75625 0.03125000000000009 0.75625 0.0312500000000001 0.84375 0.17968750000000008 0.84375
1 0.56875 0.050000000000000065 0.4875 0.050000000000000065 0.4875 0.08125000000000007 0.56875 0.08125000000000007
1 0.5015625 0.025000000000000057 0.4078125 0.025000000000000043 0.4078125 0.06718750000000005 0.5015625 0.06718750000000007
1 0.725 0.020312500000000084 0.6328125 0.020312500000000077 0.6328125 0.06250000000000008 0.725 0.06250000000000008
1 0.6484375 0.006250000000000073 0.534375 0.006250000000000066 0.534375 0.04218750000000007 0.6484375 0.04218750000000008
1 0.3984375000000001 0.8359375 0.1625000000000001 0.8359375 0.16250000000000012 0.934375 0.3984375000000001 0.934375
1 0.3906250000000001 0.76875 0.22812500000000008 0.76875 0.22812500000000008 0.8375 0.3906250000000001 0.8375
1 0.3703125 0.02031250000000004 0.29375 0.020312500000000032 0.29375 0.06250000000000004 0.3703125 0.06250000000000004
4 0.7734375 0.0390625000000001 0.7296875 0.03906250000000009 0.7296875 0.08750000000000009 0.7734375 0.08750000000000009
1 0.09062500000000007 0.575 0.004687500000000071 0.575 0.0046875000000000736 0.625 0.09062500000000007 0.625
4 0.725 0.10156250000000008 0.646875 0.10156250000000008 0.646875 0.14843750000000008 0.725 0.14843750000000008
1 0.1593750000000001 0.859375 0.05312500000000011 0.859375 0.05312500000000011 0.93125 0.15937500000000013 0.93125
1 0.34062500000000007 0.6484375 0.09687500000000009 0.6484375 0.09687500000000009 0.7015625 0.34062500000000007 0.7015625
1 0.740625 0.06406250000000009 0.6515625 0.06406250000000009 0.6515625 0.1062500000000001 0.740625 0.1062500000000001
1 0.06718750000000011 0.8625 0.004687500000000106 0.8625 0.00468750000000011 0.9328125 0.06718750000000011 0.9328125
1 0.08906250000000011 0.8359375 0.0281250000000001 0.8359375 0.028125000000000105 0.88125 0.08906250000000011 0.88125