4 0.7906250000000001 0.5078125000000001 0.2906250000000001 0.5078125 0.2906250000000001 0.93125 0.7906250000000001 0.93125
1 0.996875 6.678152076600411e-17 0.09375 1.1481063742006437e-17 0.09375000000000006 0.996875 0.996875 0.996875
3 0.321875 0.03125000000000003 0.0953125 0.031250000000000014 0.09531250000000005 0.990625 0.3218750000000001 0.990625
3 0.6203125 0.34843750000000007 0.3765625 0.34843750000000007 0.3765625 0.5359375 0.6203125 0.5359375
4 0.1875 0.05312500000000002 0.1 0.05312500000000002 0.1 0.14687500000000003 0.1875 0.14687500000000003
3 0.41875 0.017187500000000043 0.271875 0.017187500000000033 0.27187500000000003 0.525 0.41875 0.525
1 0.98125 0.2078125000000001 0.884375 0.2078125000000001 0.884375 0.3078125000000001 0.98125 0.3078125000000001
1 0.74375 0.03906250000000008 0.6453125 0.039062500000000076 0.6453125 0.12656250000000008 0.74375 0.12656250000000008
1 0.33125000000000004 0.29375 0.2171875 0.29375 0.21718750000000003 0.4015625 0.3312500000000001 0.4015625
1 0.25312500000000004 0.303125 0.15000000000000005 0.303125 0.15000000000000005 0.409375 0.2531250000000001 0.409375
1 0.478125 0.16250000000000003 0.3828125 0.16250000000000003 0.3828125 0.2375000000000001 0.478125 0.2375000000000001
1 0.6421875 0.07031250000000008 0.5328125 0.07031250000000007 0.5328125 0.15625000000000006 0.6421875 0.15625000000000008
1 0.9859375 0.11718750000000011 0.875 0.11718750000000008 0.875 0.21875000000000008 0.9859375 0.21875000000000008
3 0.8578125 0.2562500000000001 0.6296875 0.2562500000000001 0.6296875 0.3984375000000001 0.8578125 0.3984375000000001
1 0.33125 0.15312500000000004 0.234375 0.15312500000000004 0.234375 0.2546875 0.33125 0.2546875
1 0.8828125 0.22031250000000008 0.8 0.22031250000000008 0.8 0.3140625000000001 0.8828125 0.3140625000000001
1 0.390625 0.12812500000000004 0.3 0.12812500000000004 0.3 0.20781250000000004 0.390625 0.2078125000000001
1 0.3171875 0.2546875 0.21875 0.2546875 0.21875 0.3171875 0.3171875 0.3171875
1 0.275 0.006250000000000031 0.215625 0.006250000000000028 0.215625 0.11875000000000005 0.275 0.11875000000000005
1 0.7265625 0.2828125000000001 0.6328125 0.2828125000000001 0.6328125 0.3750000000000001 0.7265625 0.3750000000000001
1 0.2484375 0.203125 0.14375000000000004 0.203125 0.14375000000000004 0.30625 0.2484375 0.30625
1 0.2328125 0.04062500000000003 0.1375 0.04062500000000002 0.1375 0.12500000000000003 0.2328125 0.12500000000000006
1 0.9765625 0.2968750000000001 0.871875 0.2968750000000001 0.871875 0.4156250000000002 0.9765625 0.4156250000000002
1 0.734375 0.11718750000000008 0.6421875 0.11718750000000008 0.6421875 0.2234375000000001 0.734375 0.2234375000000001
1 0.7859375 0.4312500000000002 0.7546875 0.4312500000000002 0.7546875 0.46875000000000017 0.7859375 0.46875000000000017
1 0.6390625 0.3203125000000001 0.53125 0.3203125000000001 0.53125 0.4125 0.6390625 0.4125
1 0.6625 0.14843750000000006 0.534375 0.14843750000000006 0.534375 0.2671875000000001 0.6625 0.2671875000000001
1 0.828125 0.004687500000000095 0.728125 0.004687500000000089 0.728125 0.0828125000000001 0.828125 0.08281250000000011
1 0.16093750000000004 0.2984375 0.09375000000000004 0.2984375 0.09375000000000004 0.378125 0.16093750000000004 0.378125
1 0.5015625 0.006250000000000054 0.3953125 0.006250000000000047 0.3953125 0.10625000000000004 0.5015625 0.10625000000000004
1 0.3296875 0.09843750000000004 0.23125 0.09843750000000002 0.23125 0.19062500000000004 0.3296875 0.19062500000000004
1 0.65625 0.2531250000000001 0.5609375 0.2531250000000001 0.5609375 0.3515625000000001 0.65625 0.3515625000000001
1 0.821875 0.0765625000000001 0.71875 0.07656250000000009 0.71875 0.1843750000000001 0.821875 0.1843750000000001